# computed vector file
version 2
vector 0  Net_Manet_AAM.AuthNMAN[0].udpApp[0]  "mean(End-to-End Delay)"  ETV
0	8058	58.767759259889	0.001830533246
0	147035	187.089217618678	0.0030294394675
0	149230	187.171818864119	0.0042668420446667
0	150206	187.178371841879	1.3120732270483
0	154326	189.542111908367	1.1158375866588
0	160385	191.070426678921	0.93278398157067
0	162174	191.12273582031	0.915517639394
0	164736	191.766573745903	0.801687290525
0	168394	194.030076723546	0.71317416055433
0	175997	195.177982179568	0.6425505793634
0	180395	198.034456149247	0.58455545933745
0	183789	200.126324241308	0.53635865937283
0	196295	208.833291661308	0.49720801471346
0	197747	209.646982774704	0.46204178419393
0	198768	210.074788384812	0.43134426995913
0	200500	211.85304628884	0.40454194881631
0	204082	212.356448843081	0.38155220224565
0	205795	212.494147784961	0.36095419101778
0	215242	217.77880310027	0.37951217770237
0	222179	220.366458162426	0.3608632830975
0	236558	228.073261938259	0.34407816296757
0	241421	228.214378177423	0.32859277531014
0	244745	230.161742495249	0.3220221128757
0	248461	231.582218513209	0.30890120297483
0	275230	242.035826843518	0.30980587751192
0	277973	242.913656277621	0.56857751167242
0	278771	242.918170716818	0.740930290303
0	282947	244.037199372358	0.71479196094214
0	297302	249.909578215208	0.69051110162248
0	303835	253.069013565482	0.66771959781607
0	317642	257.207621172153	0.64633236899006
0	321641	258.701172823694	0.62649752156378
0	325315	259.108906424073	0.60777186183433
0	327761	259.866929366916	0.59022954975403
0	351931	267.108134119157	0.57386023817623
0	358531	269.767701467481	0.55810925324644
0	358949	269.839112807074	0.54311457623973
0	363460	270.427652410389	0.52915910782832
0	364446	270.476869489921	0.51578817506297
0	384809	276.121220063244	0.50351807907023
0	391639	277.840872994472	0.4916335984508
0	408973	281.911175140871	0.48003107343919
0	410600	282.716436323382	0.46900203631805
0	440456	292.570000675151	0.46588754695968
0	443537	293.211490535363	0.45567683608707
0	448267	294.209543729162	0.46353975408141
0	508083	314.8229567387	0.46074172241543
0	522247	319.271684954286	0.45812730494217
0	534562	323.137852590882	0.44889276970694
0	572427	335.297578560671	0.44670106305686
0	580369	337.431358742237	0.4380929283279
0	585465	338.644255779082	0.42991041885535
0	594294	340.275779567223	0.42813950754291
0	610394	344.073727877327	0.42631454414872
0	640105	352.243389341541	0.41867716110998
0	643763	352.566820432467	0.42583342172761
0	660610	356.130754337857	0.42430728368919
0	670289	358.437047440528	0.41711590792803
0	682965	361.049848088068	0.41020746393814
0	701651	365.226240910093	0.40345651694823
0	703986	365.439549929994	0.3970334373282
0	706365	365.852100133554	0.3907138808445
0	741619	373.510295105676	0.38472122053768
0	744428	373.552596098653	0.3789108991538
0	748954	374.340099927993	0.37320900332243
0	752006	374.637297606401	0.36770718916927
0	792428	382.67202082153	0.36235924015693
0	844913	392.906276392837	0.36188074036365
0	856641	394.703234590195	0.36146977148513
0	884485	399.0454669197	0.35662094258047
0	912952	403.805385430284	0.35181294252208
0	979153	415.859377134445	0.35158148928167
0	986973	416.851167109323	0.35131489033467
0	1006485	420.222547878029	0.34667928637891
0	1073841	431.935920359242	0.34216515876123
0	1103928	436.656749624132	0.34202378628166
0	1128569	440.480066193741	0.3418840481797
0	1142989	442.674928984636	0.33757908403115
0	1200486	451.871155226776	0.33344878506094
0	1283082	465.093483325013	0.33339097855827
0	1316942	470.223128539799	0.32936334631941
0	1343687	474.016240081331	0.32938260772068
0	1361767	476.402237289395	0.3254913494871
0	1380320	478.733996177679	0.32171845465005
0	1398425	481.307690554591	0.32192763518968
0	1480714	492.497915851813	0.32205869655227
