# computed vector file
version 2
vector 0  Net_Manet_AAM_Temp_TG.AAMDynamicNetworkConfigurator  merger(AccumulativeSucessRatio)  TV
0	2003.798584322734	0.021739130434783
0	2324.475475592829	0.026315789473684
0	2423.763971737378	0.018867924528302
0	2508.41464145003	0.02
0	2690.555372214291	0.020833333333333
0	2767.339703444575	0.016949152542373
0	2775.407883331654	0.037037037037037
0	2882.724769138737	0.021739130434783
0	2895.898617783264	0.017543859649123
0	2921.421234078562	0.032786885245902
0	2924.611076039881	0.020408163265306
0	2963.438877713783	0.068965517241379
0	2985.806731448303	0.096153846153846
0	3073.53181633341	0.079365079365079
0	3084.473967813861	0.03921568627451
0	3220.036461756513	0.021739130434783
0	3220.184542871549	0.037037037037037
0	3225.759850782374	0.019607843137255
0	3233.54436051112	0.065573770491803
0	3273.144649152925	0.03125
0	3287.360070145965	0.018518518518519
0	3290.728160186535	0.015625
0	3295.956499991283	0.052631578947368
0	3370.81239310055	0.037037037037037
0	3398.635264425825	0.046153846153846
0	3401.36093799794	0.061538461538462
0	3422.145731561106	0.041666666666667
0	3453.434152268411	0.015384615384615
0	3478.885663480426	0.014705882352941
0	3487.787358401134	0.03448275862069
0	3499.451434063434	0.054054054054054
0	3507.199648592111	0.073529411764706
0	3533.12876370566	0.03030303030303
0	3548.017129266829	0.061538461538462
0	3583.51991450316	0.018181818181818
0	3583.694295603449	0.067567567567568
0	3591.198060455527	0.016393442622951
0	3656.79365007185	0.08695652173913
0	3667.608614675931	0.052631578947368
0	3669.934096290123	0.084507042253521
0	3680.504268217023	0.027777777777778
0	3682.619823787553	0.035714285714286
0	3708.987079796569	0.071428571428571
0	3709.505811467066	0.033898305084746
0	3726.875418399018	0.098591549295775
0	3727.734282687336	0.077922077922078
0	3746.384226303157	0.065789473684211
0	3765.656433745644	0.016666666666667
0	3781.231368739493	0.1
0	3784.234932087024	0.051724137931034
0	3821.757080137764	0.095890410958904
0	3850.893642457048	0.015151515151515
0	3859.431929439268	0.1
0	3860.365083121636	0.041666666666667
0	3876.663290736807	0.03125
0	3884.646474218549	0.1025641025641
0	3885.007674094507	0.1
0	3902.846028884271	0.015873015873016
0	3904.163667659129	0.044117647058824
0	3911.471240279401	0.13333333333333
0	3915.459290702426	0.066666666666667
0	3924.713235503529	0.067567567567568
0	3932.073411180617	0.081081081081081
0	3945.752108450342	0.03125
0	3948.153928607717	0.14285714285714
0	3950.017257579889	0.054794520547945
0	3958.16864564441	0.016949152542373
0	3975.207653534606	0.014705882352941
0	3996.755401096901	0.10843373493976
0	4009.925078528193	0.1625
0	4019.505414689211	0.015625
0	4023.811909002501	0.13846153846154
0	4025.205959749721	0.068493150684932
0	4029.223585070144	0.044117647058824
0	4029.959273534193	0.08
0	4031.513243971472	0.1025641025641
0	4042.323759941409	0.018867924528302
0	4050.795109109564	0.016949152542373
0	4050.853643103671	0.028985507246377
0	4082.925048623332	0.078947368421053
0	4086.411560558732	0.017241379310345
0	4093.083865145243	0.092105263157895
0	4106.667471371759	0.17283950617284
0	4113.240457519312	0.041666666666667
0	4118.564960178067	0.030769230769231
0	4126.979521024652	0.08974358974359
0	4132.078730222209	0.072463768115942
0	4132.281020173408	0.042253521126761
0	4138.230112992287	0.059701492537313
0	4146.867731463045	0.033898305084746
0	4161.419618628475	0.078947368421053
0	4176.342838073617	0.10975609756098
0	4180.535247848415	0.065573770491803
0	4184.561093622706	0.13953488372093
0	4185.118556746916	0.029850746268657
0	4206.100837674757	0.1038961038961
0	4212.603736586311	0.16417910447761
0	4212.932048637317	0.016666666666667
0	4215.651171992323	0.043478260869565
0	4217.583505822224	0.033333333333333
0	4229.658801598462	0.098591549295775
0	4237.368458734933	0.059701492537313
0	4243.248506915409	0.1219512195122
0	4256.40976591592	0.1358024691358
0	4271.781516383362	0.10975609756098
0	4276.288520318172	0.14634146341463
0	4278.19028342745	0.053333333333333
0	4294.996418986313	0.16091954022989
0	4304.418085711655	0.060975609756098
0	4318.987387331807	0.19277108433735
0	4325.901119806735	0.11538461538462
0	4329.901321921247	0.015873015873016
0	4346.458279587834	0.072463768115942
0	4356.658360460898	0.0625
0	4359.626116363371	0.17647058823529
0	4370.833016448602	0.14457831325301
0	4377.358270490488	0.1685393258427
0	4380.892446815315	0.026666666666667
0	4403.878930683613	0.11392405063291
0	4403.973311936125	0.088607594936709
0	4429.770619181752	0.064102564102564
0	4436.785320265076	0.10666666666667
0	4445.267799818332	0.075757575757576
0	4451.916456236721	0.084507042253521
0	4464.830059175064	0.054054054054054
0	4477.0650291918	0.19540229885057
0	4481.085998642038	0.10126582278481
0	4488.411526316136	0.20689655172414
0	4489.694964652734	0.048387096774194
0	4493.396074657378	0.048387096774194
0	4499.777996102866	0.11494252873563
0	4501.261218457468	0.04
0	4503.33054033279	0.14117647058824
0	4519.342765334266	0.08
0	4524.147288179356	0.097222222222222
0	4524.552437585135	0.16470588235294
0	4528.858918075022	0.081081081081081
0	4545.665813617386	0.2
0	4549.430469480059	0.08695652173913
0	4553.896466848906	0.078125
0	4567.266448908025	0.038461538461538
0	4568.395263716914	0.063492063492063
0	4579.288758468685	0.052631578947368
0	4581.850411138183	0.11688311688312
0	4592.947154440652	0.014492753623188
0	4593.72562088654	0.14814814814815
0	4601.596478170468	0.16483516483516
0	4603.73981948921	0.11111111111111
0	4607.070282746911	0.125
0	4616.563005319878	0.17647058823529
0	4634.545949155038	0.16438356164384
0	4637.465350413202	0.22105263157895
0	4641.161347454088	0.078125
0	4642.778955572045	0.10810810810811
0	4647.102924513113	0.064102564102564
0	4651.167540906658	0.13513513513514
0	4663.420361843925	0.073529411764706
0	4667.221662347281	0.075
0	4676.34112427266	0.08955223880597
0	4695.265887717208	0.125
0	4708.314054585659	0.20454545454545
0	4708.795774488574	0.076923076923077
0	4709.578314076164	0.16842105263158
0	4715.059213263709	0.17582417582418
0	4718.622986191924	0.19318181818182
0	4723.3532736492	0.048780487804878
0	4728.097845621453	0.098765432098765
0	4755.072071251802	0.16
0	4755.363765452131	0.014705882352941
0	4756.478082260148	0.044776119402985
0	4772.90835349208	0.08974358974359
0	4777.021426268095	0.14444444444444
0	4780.656999602742	0.041666666666667
0	4781.127208696096	0.19387755102041
0	4786.719422337451	0.21348314606742
0	4788.416545257231	0.13253012048193
0	4789.080024791446	0.18478260869565
0	4795.555759748212	0.15853658536585
0	4800.255349958464	0.22222222222222
0	4814.877174335812	0.043478260869565
0	4815.875528815606	0.028985507246377
0	4821.415091496548	0.10588235294118
0	4829.167269849551	0.10810810810811
0	4833.232630903883	0.095890410958904
0	4838.652563389574	0.084507042253521
0	4846.576410990181	0.059701492537313
0	4852.338572994899	0.08641975308642
0	4856.862403302743	0.054794520547945
0	4857.2138125912	0.21978021978022
0	4859.881818228497	0.10975609756098
0	4865.441121647921	0.076923076923077
0	4869.53968289381	0.21276595744681
0	4870.709847752649	0.15909090909091
0	4886.44932039408	0.16666666666667
0	4890.563142799199	0.125
0	4890.841649296098	0.15294117647059
0	4891.758972984817	0.16666666666667
0	4891.864794235347	0.23076923076923
0	4897.124099340026	0.23711340206186
0	4898.175493395769	0.056338028169014
0	4909.09664500046	0.16470588235294
0	4913.927234585843	0.095238095238095
0	4923.195681532031	0.11904761904762
0	4938.814135264245	0.097560975609756
0	4944.774453206859	0.1566265060241
0	4952.048060555688	0.10666666666667
0	4960.300693444703	0.2
0	4963.661919532415	0.23655913978495
0	4983.772939382092	0.17582417582418
0	4986.143314401702	0.23076923076923
0	4987.414850833743	0.23913043478261
0	4997.404190646098	0.069444444444444
0	5000.553776125183	0.1375
0	5006.107843927591	0.17391304347826
0	5012.987475856208	0.175
0	5013.355576735273	0.11842105263158
0	5019.469242626474	0.22105263157895
0	5019.979298994961	0.1046511627907
0	5027.261854321371	0.17045454545455
0	5056.171861980691	0.16470588235294
0	5059.47467802828	0.025641025641026
0	5067.300655381274	0.24210526315789
0	5070.127163086574	0.1
0	5071.373722745929	0.095890410958904
0	5073.114551941684	0.096385542168675
0	5079.606259556189	0.064935064935065
0	5082.612352681753	0.068493150684932
0	5086.437293475051	0.18085106382979
0	5087.745898849986	0.175
0	5088.365761210735	0.24210526315789
0	5088.452351710314	0.23469387755102
0	5090.265116119957	0.14117647058824
0	5091.937760596811	0.16279069767442
0	5102.610954712383	0.25
0	5103.695700533231	0.1125
0	5104.70204262768	0.13953488372093
0	5116.036869671797	0.14814814814815
0	5127.152238704379	0.17582417582418
0	5147.003755027806	0.037974683544304
0	5153.932409880424	0.10989010989011
0	5161.85793097027	0.19277108433735
0	5164.622738086185	0.19101123595506
0	5172.922815761704	0.19047619047619
0	5178.247177027874	0.2680412371134
0	5180.320376464986	0.1685393258427
0	5184.52768035845	0.15116279069767
0	5186.456123874859	0.075949367088608
0	5189.07666607189	0.21505376344086
0	5197.596599444999	0.15294117647059
0	5204.46960937622	0.15853658536585
0	5205.617265382079	0.2
0	5210.038508623658	0.19587628865979
0	5215.173380540851	0.081081081081081
0	5220.973801871818	0.2680412371134
0	5221.98019818315	0.1046511627907
0	5224.705051965668	0.14130434782609
0	5247.595053462532	0.25
0	5249.174198598225	0.12
0	5251.701375097577	0.17241379310345
0	5252.452162536168	0.23958333333333
0	5275.96207590829	0.10126582278481
0	5282.490422008578	0.13924050632911
0	5284.341658164855	0.1685393258427
0	5284.725152653213	0.11494252873563
0	5287.42298028345	0.23
0	5292.708182135509	0.28282828282828
0	5300.327815281779	0.21428571428571
0	5308.05836765979	0.24
0	5313.035532689791	0.12
0	5318.168161487926	0.17391304347826
0	5324.066054813258	0.24742268041237
0	5327.010926570388	0.088607594936709
0	5333.705454339848	0.27551020408163
0	5343.30819559171	0.26
0	5344.997105805063	0.21276595744681
0	5346.497941668573	0.22352941176471
0	5346.766838827396	0.20224719101124
0	5350.7460566055	0.11842105263158
0	5350.911813545385	0.14814814814815
0	5362.691489705971	0.17391304347826
0	5363.721303023357	0.17857142857143
0	5368.886338239081	0.11111111111111
0	5370.018684788357	0.13333333333333
0	5371.61818240915	0.24742268041237
0	5375.606135569199	0.1358024691358
0	5383.699574149495	0.15957446808511
0	5398.145106961959	0.15584415584416
0	5402.329760426115	0.1358024691358
0	5424.739089753482	0.10975609756098
0	5426.616826146921	0.1978021978022
0	5432.594926390661	0.22727272727273
0	5436.299775526243	0.21739130434783
0	5441.377061132539	0.14457831325301
0	5444.171045986076	0.23255813953488
0	5446.726826905066	0.25252525252525
0	5448.871731722308	0.25252525252525
0	5449.332414016879	0.17708333333333
0	5450.475403986017	0.21875
0	5450.586784007059	0.13253012048193
0	5458.901491723732	0.15853658536585
0	5472.364147032394	0.16666666666667
0	5483.326532644113	0.14285714285714
0	5489.204913200309	0.20212765957447
0	5489.438047206437	0.18085106382979
0	5492.832149633055	0.1547619047619
0	5504.437442281245	0.1025641025641
0	5504.803414180724	0.17441860465116
0	5513.008326622601	0.24719101123596
0	5551.838623899053	0.2
0	5557.428826197437	0.18556701030928
0	5559.523132258677	0.23232323232323
0	5561.153647605209	0.049382716049383
0	5563.41105851885	0.19540229885057
0	5595.100134152631	0.25555555555556
0	5598.094863401233	0.1219512195122
0	5602.929080447031	0.20652173913043
0	5606.69742028692	0.18390804597701
0	5617.99361059086	0.12658227848101
0	5625.816266025835	0.13157894736842
0	5626.031735587587	0.23655913978495
0	5626.052377940311	0.060240963855422
0	5631.50714307926	0.14117647058824
0	5635.384702769797	0.15789473684211
0	5643.19404288968	0.25
0	5657.111183950738	0.1264367816092
0	5665.052734332399	0.27
0	5680.629079264104	0.20454545454545
0	5684.618893846947	0.1358024691358
0	5688.407347510049	0.14457831325301
0	5690.647927238389	0.19101123595506
0	5692.128752743861	0.22222222222222
0	5697.75789964988	0.18556701030928
0	5701.904189005977	0.15384615384615
0	5718.717059829125	0.23958333333333
0	5723.399826948309	0.083333333333333
0	5731.031583786936	0.19387755102041
0	5731.559619551727	0.1547619047619
0	5748.661394207101	0.25274725274725
0	5752.484497534219	0.22680412371134
0	5758.695525187634	0.17977528089888
0	5766.321788315839	0.2020202020202
0	5773.357295637678	0.17647058823529
0	5776.837527442579	0.14606741573034
0	5785.12796166732	0.20879120879121
0	5790.884883237204	0.26086956521739
0	5795.939077204173	0.14285714285714
0	5804.768529686495	0.25252525252525
0	5804.888910379281	0.175
0	5805.37444163419	0.15116279069767
0	5816.708706653878	0.2
0	5825.04697457313	0.16279069767442
0	5825.560460430406	0.26595744680851
0	5835.909027292847	0.091954022988506
0	5854.532281169935	0.17582417582418
0	5856.202599216188	0.25510204081633
0	5859.66743652942	0.18604651162791
0	5864.85984692356	0.16091954022989
0	5865.397322448687	0.16049382716049
0	5878.2399522915	0.27368421052632
0	5888.628016789567	0.21
0	5899.853640343548	0.21
0	5901.063605116606	0.19277108433735
0	5922.373633000896	0.19318181818182
0	5929.755759812285	0.17977528089888
0	5947.389144286889	0.27
0	5951.715388096176	0.096774193548387
0	5960.157369224919	0.19354838709677
0	5964.421117667247	0.21348314606742
0	5978.286438834735	0.15730337078652
0	5982.375977872234	0.21505376344086
0	6015.889863300996	0.13978494623656
0	6023.89827546074	0.17777777777778
0	6037.304594727587	0.24210526315789
0	6051.403951838989	0.20224719101124
0	6052.174242312422	0.22916666666667
0	6060.750331977216	0.18888888888889
0	6063.029582393404	0.21176470588235
0	6085.551914849961	0.20652173913043
0	6086.597811717492	0.29166666666667
0	6093.083631246607	0.20833333333333
0	6095.767450801287	0.22222222222222
0	6096.061644407526	0.28125
0	6111.474105865508	0.24742268041237
0	6114.158912856392	0.15789473684211
0	6142.446065720883	0.20879120879121
0	6142.613662383914	0.17582417582418
0	6147.091896009933	0.21505376344086
0	6150.569193902237	0.25510204081633
0	6158.78218979688	0.24137931034483
0	6174.391000484784	0.19540229885057
0	6177.340261849067	0.18085106382979
0	6177.828227554716	0.23076923076923
0	6179.240519436033	0.1734693877551
0	6181.160663903402	0.21111111111111
0	6195.23258447087	0.3
0	6217.551241761138	0.26262626262626
0	6217.688260739651	0.18279569892473
0	6224.909080987795	0.18888888888889
0	6228.15893992667	0.22222222222222
0	6243.227649142158	0.19191919191919
0	6259.809373100962	0.26
0	6282.046423247634	0.29292929292929
0	6300.776482613974	0.22826086956522
0	6302.748800279102	0.21276595744681
0	6308.815525320676	0.21348314606742
0	6312.041907140907	0.2
0	6324.456654051209	0.18556701030928
0	6330.97690649781	0.23232323232323
0	6334.647522156371	0.27
0	6345.157040238477	0.19148936170213
0	6349.567543144313	0.20833333333333
0	6365.768854992464	0.25
0	6370.293746455892	0.23404255319149
0	6376.517326448773	0.22222222222222
0	6388.625305877007	0.24468085106383
0	6393.846054304149	0.27
0	6412.782646192265	0.20408163265306
0	6413.049532319114	0.22448979591837
0	6432.81052992703	0.25510204081633
0	6494.920868380601	0.21
0	6502.557309694824	0.25
0	6506.810161234882	0.22826086956522
0	6548.753373845241	0.25263157894737
0	6585.433768402142	0.25531914893617
0	6586.667076181173	0.24468085106383
0	6595.245886577315	0.22
0	6657.447831318305	0.25
0	6679.509083329963	0.25
0	6686.266106888326	0.26315789473684
0	6693.399778757334	0.27835051546392
0	6757.767486463802	0.27835051546392
0	6762.825291573963	0.26041666666667
0	6787.175162198888	0.28
0	6827.930169949571	0.3
0	6842.233909089103	0.2680412371134
0	6873.881162147357	0.3
0	6904.65956070667	0.31
0	7039.01684955411	0.27272727272727
0	7200.000083500178	0.25
0	7200.000095500153	0.23
0	7200.000126480032	0.21
0	7200.000131675074	0.27
0	7200.000141401746	0.26
0	7200.0001427068	0.3
0	7200.000168228984	0.3
0	7200.000187420879	0.28
0	7200.000191654648	0.27
0	7200.00019261924	0.27
0	7200.000200446417	0.28
0	7200.000242608435	0.2
0	7200.00034120324	0.27
0	7200.000359130855	0.3
0	7200.000507717951	0.31
0	7200.000572500017	0.27
0	7200.000743959163	0.21
0	7200.000808270061	0.24
0	7200.000836358109	0.25
0	7200.000840500111	0.22
0	7200.000882066753	0.21
0	7200.000931432628	0.24
0	7200.000959219922	0.22
0	7200.001121500072	0.29
0	7200.001150849835	0.27
0	7200.001170976646	0.23
0	7200.001276856642	0.3
0	7200.001708223289	0.26
0	7200.001804500114	0.27
0	7200.001834226504	0.21
