# computed vector file
version 2
vector 0  Net_Manet_AAM_Temp_TG.AAMDynamicNetworkConfigurator  mean(SucessRatioAVG)  TV
vector 1  Net_Manet_AAM_Temp_TG.AAMDynamicNetworkConfigurator  mean(PropotionalSucessRatio)  TV
0	426.899796028258	0.125
0	846.288808877338	0.12132352941176
0	1324.803045410236	0.12850140056022
0	1717.867800483045	0.13804271708683
0	2138.341894119966	0.15043417366947
0	2389.407332430227	0.15776921879863
0	2616.499837628524	0.16906534543642
0	2702.048735923976	0.17998345930815
0	2842.043074742372	0.19028832746583
0	2944.31814702713	0.19952036428446
0	3075.709309204547	0.20735617532354
0	3135.860704603734	0.2157175196876
0	3284.188189097763	0.22247551267867
0	3355.430167445851	0.23121494650211
0	3557.727761642199	0.23913395006864
0	3766.010361219177	0.24737356206032
0	3829.466932664601	0.25580011723324
0	3920.072883456597	0.26431627233644
0	4060.173008517979	0.27240017630617
0	4131.075651670778	0.27979466024448
0	4418.016721748638	0.28763512615876
0	4480.609765959055	0.29510874744794
0	4573.476665281703	0.30172873325684
0	4691.163767685908	0.30867147063696
1	426.899796028258	0
1	846.288808877338	0
1	1324.803045410236	0
1	1717.867800483045	0
1	2138.341894119966	0.033333333333334
1	2389.407332430227	0.027777777777778
1	2616.499837628524	0.095238095238096
1	2702.048735923976	0.083333333333334
1	2842.043074742372	0.096296296296297
1	2944.31814702713	0.086666666666667
1	3075.709309204547	0.078787878787879
1	3135.860704603734	0.1
1	3284.188189097763	0.092307692307692
1	3355.430167445851	0.15714285714286
1	3557.727761642199	0.14666666666667
1	3766.010361219177	0.16875
1	3829.466932664601	0.18823529411765
1	3920.072883456597	0.20555555555556
1	4060.173008517979	0.19473684210526
1	4131.075651670778	0.185
1	4418.016721748638	0.20793650793651
1	4480.609765959055	0.19848484848485
1	4573.476665281703	0.18985507246377
1	4691.163767685908	0.20972222222222
