# computed vector file
version 2
vector 0  Net_Manet_AAM_Temp.userhost[68].wlan.radio  "sum(MAC loss rate)"  TV
0	4098.393475476541	0
0	4102.381178156891	0.04
0	4149.510936818592	0.04
0	4189.643437778577	0.04
0	4234.164807284961	0.04
0	4284.546263857226	0.04
0	4328.604138462157	0.04
0	4374.694209472659	0.04
0	4421.535611253463	0.06
0	4465.962987729938	0.08
0	4517.194850116281	0.08
0	4561.362735940018	0.08
0	4606.659905085165	0.08
0	4657.918245786157	0.08
0	4703.53348828368	0.1
0	4723.562803762457	0.12
0	4731.953502234457	0.14
0	4757.488056642883	0.14
0	4772.583161235483	0.14
0	4798.144734997922	0.14
0	4819.620375714957	0.14
0	4845.32787626372	0.14
0	4871.005533463051	0.14
0	4896.719465205972	0.16
0	4918.172901126554	0.18
0	4937.306105902355	0.18
0	4961.883249088705	0.18
0	4987.484971461629	0.18
0	5013.148461046508	0.18
0	5038.227592096869	0.18
0	5059.114412395061	0.2
0	5066.295415091364	0.2
0	5081.731765350686	0.2
0	5099.155891477597	0.2
0	5116.56582726943	0.2
0	5133.054809490274	0.22
0	5146.106822184125	0.22
0	5162.532647370817	0.22
0	5179.927092006199	0.22
0	5196.495014203183	0.22
0	5212.471294272983	0.22
0	5225.095737668428	0.22
0	5240.490976266037	0.22
0	5257.879110734721	0.26
0	5274.501529999177	0.3
0	5289.080531489131	0.3
0	5306.472517167046	0.3
0	5323.899103474364	0.3
0	5340.400213833034	0.3
0	5357.803249543715	0.3
0	5375.117046947913	0.3
0	5386.966588321329	0.32
0	5404.367356696235	0.32
0	5421.791170644183	0.32
0	5439.195812050272	0.34
0	5454.423502136521	0.34
0	5471.905784081176	0.34
0	5489.261858992314	0.34
0	5505.658746185514	0.34
0	5522.134125297513	0.34
0	5539.201984975325	0.34
0	5556.597973716305	0.34
0	5573.070355066516	0.34
0	5590.538169603283	0.34
0	5607.899348758964	0.34
0	5624.53497882688	0.36
0	5641.943547408572	0.36
0	5659.029401475932	0.36
0	5675.752115080865	0.38
0	5692.868223603795	0.38
0	5709.93615576122	0.4
0	5726.442387459096	0.4
0	5743.752705712274	0.4
0	5758.885142647108	0.4
0	5776.211840516484	0.42
0	5792.782180427659	0.42
0	5810.078319701752	0.44
0	5827.419646091953	0.44
0	5843.97098781993	0.44
0	5860.200402991425	0.44
0	5876.702890397494	0.44
0	5894.149883090695	0.46
0	5911.366804876139	0.46
0	5928.041992756051	0.5
0	5944.254829420705	0.52
0	5956.182398868985	0.52
0	5973.554039152513	0.52
0	5990.117754019713	0.52
