# computed vector file
version 2
vector 0  Net_Manet_AAM_Temp_TG.AAMDynamicNetworkConfigurator  merger(NodesAlive)  TV
0	0.525236014709	1
0	6.619566655276	1
0	11.023527827101	1
0	13.539475075377	1
0	13.588499917393	1
0	15.160799369121	1
0	16.364689308006	2
0	17.773052869031	2
0	17.870837156893	1
0	19.133852908907	1
0	22.731357146993	3
0	25.830941912454	1
0	26.54099560443	1
0	30.301370246405	2
0	32.787535412421	1
0	32.929314532763	2
0	33.965607336195	3
0	36.853571807298	2
0	37.653201043699	3
0	38.501682121868	1
0	38.965664837218	1
0	43.186503763281	1
0	43.246863163008	1
0	46.136853947579	2
0	47.019646447384	1
0	47.25518516373	2
0	54.908992117578	1
0	55.08895653168	1
0	56.938503251019	2
0	57.123975982093	1
0	60.88246391604	3
0	62.849123383388	2
0	64.201500682773	1
0	65.641411516132	1
0	65.904801350142	1
0	66.693938079862	2
0	66.905250334508	4
0	68.676365706384	2
0	69.050958259194	2
0	69.310700172847	3
0	71.109329149012	5
0	74.696316126192	3
0	75.556076447297	4
0	76.505425528003	2
0	77.727302426102	3
0	78.555094225492	2
0	82.681004502208	2
0	90.188740386663	1
0	91.123676454149	2
0	92.798165577612	3
0	92.881610443125	2
0	93.502112465275	2
0	94.050606729976	2
0	94.504067076716	2
0	94.735150158538	3
0	97.941076577647	3
0	98.223409244751	1
0	102.002191105027	3
0	102.178103704723	4
0	105.773953072375	3
0	110.312640274609	3
0	111.160169423815	4
0	112.792367265095	3
0	113.798626088115	4
0	114.727781432565	2
0	115.212576404339	2
0	115.242877598289	1
0	115.697601458782	5
0	121.036514938446	4
0	122.314139363625	1
0	124.382168852966	1
0	128.512232117351	3
0	132.932467666009	2
0	135.848983906446	3
0	136.221736756153	2
0	138.914217755723	5
0	139.251051091078	4
0	141.07624923633	5
0	143.591406653859	3
0	143.612793877502	4
0	144.98249228287	1
0	147.083926475932	3
0	149.301656412678	3
0	149.966031400316	5
0	150.311147266054	4
0	153.640324912867	6
0	158.60068500133	5
0	158.605989717947	4
0	160.25978641401	4
0	161.468937185777	2
0	163.719433044523	6
0	165.264660877343	2
0	167.061420552878	3
0	168.932115351933	5
0	170.284572210684	6
0	170.785045023079	4
0	174.764758241104	3
0	175.863883011436	3
0	180.337547076211	5
0	181.922237549167	3
0	184.00809249786	1
0	185.290951306554	6
0	188.751173958937	4
0	189.698107921371	4
0	190.224427582472	1
0	194.064124195957	7
0	194.107099383699	5
0	195.27926763468	4
0	196.519982475122	4
0	198.269756371081	4
0	202.081167462516	4
0	203.260053531472	7
0	204.629304474997	5
0	205.315956811459	6
0	215.007225819099	7
0	220.384533049922	3
0	220.636998660094	4
0	221.930800641148	3
0	223.264385002791	4
0	225.114814364989	4
0	226.875628270029	5
0	228.910310122402	5
0	231.66696710821	6
0	233.08714939937	6
0	238.118804686375	5
0	238.723400795382	5
0	241.22391936554	2
0	243.750899307863	8
0	244.966955819482	5
0	245.701780553453	6
0	246.35650117749	5
0	246.563943899374	3
0	247.600293234261	2
0	250.048638920447	8
0	253.008396128978	6
0	254.678883597578	6
0	255.938793150261	6
0	256.134561343927	6
0	257.1930078539	4
0	262.484387416262	7
0	263.477655735209	7
0	272.56073481185	5
0	273.979295200629	5
0	275.268346186366	6
0	277.585644914171	5
0	278.199067809893	6
0	278.732392564657	8
0	281.180431208574	3
0	283.888017930141	6
0	284.792384175297	8
0	286.217819893134	7
0	287.033334284109	7
0	287.035402235154	9
0	287.152318053612	7
0	289.911255630557	7
0	293.132557222959	7
0	294.724867218318	6
0	296.074308231948	4
0	297.700872468769	10
0	300.819898788755	9
0	301.31112774653	7
0	306.377540136547	7
0	310.686951638997	9
0	314.612244163263	6
0	314.666974177613	7
0	318.323241644081	9
0	319.341794716287	4
0	319.674264284443	8
0	319.831655809329	8
0	320.742217365149	8
0	321.184860312427	5
0	328.769570509776	10
0	334.336313661699	6
0	335.75245870402	4
0	336.424057938112	7
0	339.060561360801	7
0	340.331337967289	8
0	344.865108179663	11
0	349.006650792514	4
0	349.048019604821	9
0	349.128421899784	8
0	350.186133756886	10
0	352.872683016135	5
0	354.092853279692	7
0	354.804337013142	8
0	356.985295374668	10
0	359.917463000236	8
0	360.163165046408	2
0	362.781229868946	9
0	363.231281619934	9
0	366.084815052876	7
0	369.402848863707	5
0	370.691482115969	9
0	373.692382397489	11
0	375.663974732742	12
0	386.652913475333	9
0	386.659028136281	5
0	386.837332212297	4
0	388.878382348625	6
0	389.562935103302	2
0	390.372055197228	13
0	390.638052296761	8
0	390.677871717856	6
0	392.998817875524	7
0	393.322874645267	8
0	394.502870619513	10
0	394.623875237975	5
0	396.373049191514	6
0	398.484299243172	5
0	399.048735776103	9
0	405.097338675556	3
0	408.191948937994	6
0	408.733398207996	8
0	410.95981702273	11
0	411.521013404264	9
0	412.851448892703	10
0	420.378303348635	7
0	420.598970027707	4
0	420.638432585413	7
0	424.753004092129	8
0	425.220162583604	5
0	427.519738612495	5
0	429.20902215468	8
0	431.375238741434	12
0	433.766414531604	9
0	436.203051038222	6
0	437.853823581842	6
0	439.004380339	3
0	439.103620393973	7
0	441.103428108191	13
0	442.773871532756	5
0	446.641124034537	8
0	446.829126252286	6
0	455.07199970296	11
0	455.844970442679	10
0	457.429163928413	9
0	463.8323005261	9
0	465.891032138227	9
0	467.455379841852	6
0	468.821020302511	10
0	469.581966261756	10
0	475.182701727304	9
0	476.68980120092	12
0	479.969910204925	7
0	481.555654310362	10
0	484.148548092589	10
0	484.589459135663	6
0	488.265028940298	14
0	489.087187049725	7
0	489.230904640958	10
0	489.776808956076	7
0	493.600796123298	7
0	494.666047570813	10
0	497.923228738688	14
0	504.424439166559	10
0	505.713685156382	11
0	510.030540763247	11
0	513.009744663176	15
0	515.199334052496	11
0	518.295801932317	3
0	520.343343799937	12
0	522.748503501203	7
0	525.251463153723	8
0	528.016869105805	6
0	528.236020815266	9
0	531.441654575337	10
0	539.645635097737	12
0	541.934462566271	13
0	544.739831478584	11
0	545.352393919045	11
0	547.019725639326	10
0	547.135157668933	11
0	548.967008795083	12
0	549.69625801151	13
0	551.30093956021	7
0	553.628768782045	11
0	555.127999973594	8
0	560.020402972595	8
0	563.603270405042	11
0	564.28351508967	11
0	567.785157558886	12
0	567.977599754625	11
0	570.58262330527	16
0	574.699297587419	13
0	575.916985810315	8
0	576.700448822497	10
0	578.742029871297	8
0	579.940810343573	13
0	580.234806727168	8
0	583.168277772421	12
0	584.791815302525	15
0	585.456525567003	9
0	586.178332204788	4
0	587.086740261059	10
0	589.929917221637	9
0	599.427657773425	11
0	599.896046263748	17
0	602.031304396707	14
0	602.20337949021	8
0	605.675519054902	9
0	606.66069702264	14
0	607.125240039208	14
0	608.540507586173	11
0	609.851298637076	12
0	610.234594408783	8
0	614.642063316176	12
0	617.851894450421	9
0	618.007193610963	12
0	618.475752470681	10
0	620.951974383147	9
0	621.451807759604	15
0	622.39041264906	13
0	622.597569769687	10
0	623.625109189378	12
0	625.883909635662	11
0	628.837508755129	8
0	630.384184793265	13
0	631.502438103101	16
0	631.970543645147	12
0	632.028526702089	12
0	632.477980034035	4
0	635.109053718683	9
0	637.150712322509	11
0	637.484993244759	9
0	638.172809379454	5
0	642.760915008103	12
0	644.974275489325	9
0	646.697492082716	13
0	647.982880570216	13
0	649.54222288009	9
0	650.698752630841	6
0	651.661569625655	14
0	654.247308939479	12
0	662.87427822279	8
0	665.385074314576	14
0	667.253961159517	10
0	667.452519622437	13
0	669.445406929295	11
0	670.143328002954	12
0	671.697474269498	13
0	672.113532879206	9
0	672.913258488353	11
0	674.006043109681	13
0	675.861638460816	13
0	676.853157709719	14
0	680.78239000361	15
0	681.508913907151	12
0	685.685198207365	10
0	688.856432086848	7
0	690.882919776297	11
0	695.908394385493	14
0	696.778411279404	13
0	701.286159479694	13
0	701.347940130448	15
0	701.597329631015	15
0	706.73174932603	14
0	709.330134292069	17
0	717.05079713658	15
0	717.23420860812	10
0	723.584273661572	13
0	723.912958922591	15
0	726.120521939934	16
0	728.029673509728	16
0	730.630978618411	16
0	736.796767627522	13
0	738.087915077581	14
0	739.068259308543	10
0	739.305759707836	12
0	740.57903910609	12
0	741.092508913128	14
0	743.506841239868	10
0	747.581053512441	17
0	748.917958234629	13
0	751.501715306889	15
0	754.453689981971	17
0	755.271036532688	5
0	758.606044065956	15
0	760.213757187611	11
0	762.678036515174	11
0	764.420377959385	14
0	764.840563876557	18
0	766.121228637942	17
0	767.603406605297	14
0	768.751178254423	8
0	771.023556857702	14
0	771.095837620338	14
0	772.128899282119	9
0	772.570947540409	18
0	778.858264200883	16
0	779.35939806515	18
0	781.351412530276	16
0	782.446527264228	16
0	785.822380518118	15
0	786.620638832698	19
0	787.201245117163	14
0	789.321658742874	15
0	790.548884791692	17
0	791.418809029282	20
0	792.04353638297	15
0	794.33836281692	18
0	799.045063820906	10
0	802.752625827105	15
0	808.858206901137	16
0	810.971993849722	10
0	811.635075821905	19
0	819.272798895707	15
0	819.369636994292	17
0	821.370187284636	10
0	822.089662771926	14
0	826.972065912717	12
0	831.686532409012	16
0	835.764373383813	17
0	844.605310410029	16
0	844.634277031112	11
0	846.162903396544	16
0	846.913624865047	15
0	849.188578807163	12
0	849.260515261589	12
0	850.404001457135	6
0	852.221093024812	15
0	852.377960892911	16
0	853.94999568189	18
0	858.013773417026	17
0	858.930545987541	17
0	860.146416890981	18
0	864.398731745061	14
0	873.271830826062	11
0	873.693761543837	13
0	875.452947701534	11
0	879.397130137676	20
0	883.669044599795	11
0	884.282622513108	15
0	886.262874680128	16
0	897.272599778112	21
0	897.519322722951	18
0	897.989523245965	7
0	899.22115533554	14
0	899.759969999844	8
0	900.979706502006	15
0	902.558165192797	12
0	907.395006750431	16
0	907.764382414527	13
0	907.883312113826	19
0	908.380386616616	16
0	909.93092550748	11
0	912.30574999326	19
0	914.013823527636	12
0	915.107643680863	13
0	916.86398007447	18
0	916.905699336907	17
0	918.412739410928	16
0	918.413461697841	17
0	921.192493875182	17
0	925.971479121305	18
0	927.656665084245	15
0	929.570953229496	12
0	933.954672845493	13
0	938.365514874061	20
0	939.025626601853	16
0	942.991185463156	19
0	945.150122402922	18
0	946.246659263435	17
0	947.231076339433	9
0	950.086204035844	20
0	950.590669859721	13
0	950.746270311903	19
0	950.894026626477	18
0	951.904906412249	19
0	955.196827463513	18
0	957.044817309973	21
0	958.143483198005	19
0	958.974386037543	10
0	959.122270995594	17
0	962.592897860996	14
0	962.684292556019	17
0	969.268707704763	14
0	977.038107897134	20
0	977.395117912377	15
0	977.455105507456	21
0	981.014087275263	20
0	981.820351863624	7
0	982.140110771425	16
0	983.001120178488	16
0	983.296762290093	8
0	985.021034239569	22
0	986.152167681829	14
0	993.625812129296	20
0	994.264943656781	18
0	1000.166404561703	23
0	1001.330884531214	19
0	1001.864839402235	13
0	1002.673837172068	19
0	1003.375965042469	18
0	1007.200813074711	12
0	1009.528634063576	18
0	1010.362900529755	17
0	1012.329512418863	22
0	1015.211407656916	23
0	1016.878851884367	21
0	1018.132934644828	12
0	1019.033675625173	14
0	1021.248944701728	11
0	1022.233295653692	9
0	1022.632959530289	21
0	1024.822385455003	21
0	1024.916585858348	15
0	1029.957150778544	16
0	1030.356520487398	19
0	1034.712653242493	19
0	1035.051751797606	17
0	1035.355586922427	20
0	1035.493208920327	24
0	1035.964551165676	10
0	1037.902084203362	20
0	1038.99175030591	15
0	1040.994218251401	22
0	1042.686637040718	18
0	1042.706047018277	21
0	1043.609961587439	22
0	1044.032016298006	19
0	1047.881672193865	18
0	1049.999173008714	24
0	1053.31225126594	19
0	1054.052432552103	22
0	1059.877530152173	20
0	1062.094650619442	17
0	1062.318093020215	21
0	1062.383476180053	13
0	1062.9621628486	20
0	1064.88567875047	15
0	1066.644210176626	20
0	1068.291777057398	19
0	1069.592871181677	18
0	1071.36069262848	20
0	1073.476887110573	23
0	1076.321268295721	19
0	1078.52031559659	21
0	1080.528650767668	14
0	1083.508485344261	19
0	1085.842086957325	13
0	1087.399009027928	15
0	1089.583799452281	16
0	1091.794239419498	21
0	1092.901694099462	22
0	1094.987822103181	23
0	1095.785207215948	24
0	1098.156008945704	14
0	1099.91823722879	17
0	1100.579636597243	23
0	1103.181624814866	17
0	1104.864350177192	21
0	1105.25943675627	11
0	1105.289106936882	22
0	1105.582987850166	13
0	1106.43574884757	16
0	1106.55779514974	21
0	1109.055226435569	25
0	1110.98708449642	18
0	1111.295836940329	23
0	1111.36393032321	17
0	1114.01601576355	14
0	1114.800713723124	16
0	1115.503785149817	18
0	1116.460480906646	18
0	1116.858614351178	26
0	1129.300801929756	23
0	1129.525968761027	22
0	1133.533453575541	22
0	1133.859237094199	20
0	1135.051581001716	24
0	1135.292221140657	16
0	1135.351188801137	21
0	1135.796439094282	17
0	1137.532455203848	22
0	1137.544464285824	17
0	1138.765112494166	23
0	1139.5899286118	22
0	1143.54260983993	23
0	1144.564733555471	15
0	1145.980767711195	12
0	1146.981576458659	18
0	1147.906867778923	19
0	1148.447533325217	19
0	1154.705757063941	13
0	1156.919369458734	20
0	1157.078869648839	23
0	1158.147010960095	24
0	1161.206984766463	23
0	1162.777986289991	19
0	1163.37913378351	25
0	1164.448089686544	27
0	1164.608642187503	15
0	1167.087740017014	22
0	1167.524493312311	21
0	1167.665717659589	14
0	1173.053070332383	16
0	1176.122458856518	24
0	1177.011055815933	20
0	1177.466535525625	12
0	1178.200128744588	24
0	1180.793347330365	23
0	1181.321332899149	16
0	1182.668328799951	25
0	1184.248787922633	15
0	1190.906122259666	24
0	1191.800696178633	19
0	1192.882270595635	24
0	1195.582919587001	25
0	1199.517341320413	25
0	1199.560295874169	26
0	1204.368999879227	20
0	1204.548868506366	24
0	1205.276934484936	16
0	1206.225056339435	17
0	1210.718387373643	17
0	1212.030052035025	18
0	1219.499487130605	20
0	1221.602257900679	21
0	1224.56530488394	24
0	1230.789045283507	26
0	1231.853061714221	25
0	1233.562063813214	22
0	1233.622088633548	17
0	1234.240607660591	25
0	1236.628738432178	26
0	1236.679281368912	14
0	1236.894881640163	25
0	1239.595793839093	21
0	1241.815369723499	26
0	1243.394804274855	28
0	1243.701187653901	25
0	1244.067384588565	19
0	1247.10323542666	27
0	1247.9709809256	26
0	1249.482659420941	22
0	1249.754939572715	18
0	1250.097809745007	22
0	1253.340784406573	26
0	1255.149858220575	27
0	1255.286967938136	24
0	1257.175543941187	17
0	1265.646470794876	21
0	1268.698344083965	25
0	1271.408682120213	26
0	1273.22576813016	28
0	1274.32285252914	19
0	1274.632644703376	25
0	1277.253558234775	22
0	1278.760249798592	20
0	1283.30297496425	18
0	1287.219609273287	20
0	1288.028971991999	25
0	1288.700688236098	13
0	1290.943658420359	27
0	1293.181986584209	26
0	1294.464162939857	23
0	1294.688561549321	19
0	1295.50778684479	29
0	1295.72110259753	28
0	1304.061942366964	28
0	1306.960938727538	19
0	1307.079074565677	29
0	1307.644305325349	20
0	1310.749932832176	27
0	1315.007353147835	22
0	1317.262200129794	24
0	1321.667235509858	20
0	1322.527442466626	27
0	1324.675088619778	27
0	1324.894664321958	23
0	1326.029903922821	18
0	1326.195323603816	29
0	1326.819189825386	30
0	1330.093621165925	30
0	1332.330035489605	20
0	1333.165325192488	31
0	1342.133433621321	27
0	1346.025869875468	19
0	1346.045512995371	29
0	1346.399112670799	26
0	1347.114558262751	28
0	1348.061468477636	25
0	1348.577044191369	21
0	1352.67278621731	27
0	1353.614860759714	23
0	1355.01000207797	30
0	1356.399703645293	28
0	1357.625851560377	18
0	1359.779195078333	30
0	1360.719108362884	23
0	1364.609730437407	26
0	1365.486406193458	20
0	1365.586581199009	26
0	1366.276553760046	28
0	1368.319732499979	31
0	1375.12242364579	20
0	1375.187375781265	29
0	1376.929436175329	18
0	1378.121116827177	28
0	1379.416111466052	14
0	1379.716511915082	31
0	1382.214181831864	20
0	1387.826112514928	27
0	1389.993633840065	21
0	1391.931755984726	21
0	1397.352763347127	31
0	1398.112935662377	24
0	1399.797452258491	21
0	1399.876706019393	21
0	1400.47111903222	21
0	1404.233167849469	15
0	1407.472085053703	32
0	1412.560465563123	29
0	1416.071066034442	30
0	1416.344089920699	21
0	1427.488826351527	32
0	1427.565658040891	27
0	1428.689990134252	33
0	1436.862383231933	15
0	1438.254391943154	16
0	1439.710514513193	22
0	1446.592296994197	34
0	1446.800758165168	16
0	1449.436230968741	22
0	1450.477563231529	23
0	1451.387643670156	25
0	1452.511128180748	19
0	1455.691860440105	32
0	1455.801255866909	28
0	1456.166832207729	23
0	1458.570800258103	24
0	1467.239625258619	22
0	1467.315373265471	27
0	1468.87062395716	22
0	1470.440492221458	30
0	1470.617935753863	17
0	1471.16263076148	22
0	1478.858866125023	18
0	1486.141591730911	29
0	1487.949466942899	17
0	1489.499503803711	23
0	1489.594943491975	24
0	1491.133896936001	22
0	1493.220529032535	24
0	1493.954017297781	28
0	1493.960681259785	24
0	1494.574964242937	22
0	1495.310515833791	31
0	1497.012546739387	24
0	1497.705266311314	25
0	1498.777366294072	25
0	1500.204656953634	32
0	1504.74055522	21
0	1505.101013558205	19
0	1506.733521741372	26
0	1509.562777293151	25
0	1511.867096073318	23
0	1512.123741718629	23
0	1517.942282091947	24
0	1524.451006274402	23
0	1525.648010401124	29
0	1527.681377225194	24
0	1528.562634369836	28
0	1528.588357477364	29
0	1529.277173891977	26
0	1531.11527709211	20
0	1531.215769499565	23
0	1534.810363551551	25
0	1537.026310928168	26
0	1539.179266885209	25
0	1539.666549716964	18
0	1540.002660720636	26
0	1540.12221358413	31
0	1541.883601440639	23
0	1542.074110954463	32
0	1542.137136993041	35
0	1544.083736639747	33
0	1546.230287286685	30
0	1549.508405607464	26
0	1550.612700829931	29
0	1550.662340359555	25
0	1551.375108600043	24
0	1552.778446829576	25
0	1553.541065837359	33
0	1557.130256738738	19
0	1559.765626792228	33
0	1563.067515061502	28
0	1566.412524712569	29
0	1567.213903459601	19
0	1567.312514657722	20
0	1568.076201521103	26
0	1570.106382334234	30
0	1571.574393142114	27
0	1572.114784416692	30
0	1572.323719948651	33
0	1573.200871193776	24
0	1575.007790164231	22
0	1576.386514586706	21
0	1580.551227405128	34
0	1581.534129845707	26
0	1584.49653266688	22
0	1585.101359739746	25
0	1586.889479542125	29
0	1590.84362986806	27
0	1591.113458204556	30
0	1592.300821886073	26
0	1593.045374840049	27
0	1593.18416015351	23
0	1594.508188199867	36
0	1594.556008154378	20
0	1596.63609921268	34
0	1596.862228013965	20
0	1597.425548081556	21
0	1598.200539151547	30
0	1598.666077021421	24
0	1599.141252316966	27
0	1603.608983378616	28
0	1604.906871182824	31
0	1606.063156873222	25
0	1609.608281227825	21
0	1611.111624013603	23
0	1615.021139445231	31
0	1615.574066070652	26
0	1617.796367227611	27
0	1619.522357258701	27
0	1620.048278196903	32
0	1621.45004916195	27
0	1622.148727318201	28
0	1622.159692149168	28
0	1624.921164470047	34
0	1628.070553216009	31
0	1630.716076405304	35
0	1632.347272765625	30
0	1634.54047918833	21
0	1634.658083006641	28
0	1635.668616946292	35
0	1636.440399394768	32
0	1637.444168820101	36
0	1637.763996287779	21
0	1642.076282517973	26
0	1643.253446536937	32
0	1643.810822635139	24
0	1649.139110072114	25
0	1649.371203067718	29
0	1652.092838238139	22
0	1653.12043004288	22
0	1654.313418810687	28
0	1655.373430914411	33
0	1657.612341230051	26
0	1657.706642380825	26
0	1662.474576901059	30
0	1663.157639004707	25
0	1666.830289487351	31
0	1668.371532587155	27
0	1669.198582660504	27
0	1669.80002868699	31
0	1669.931521695783	37
0	1671.604366767615	28
0	1671.786494933554	29
0	1673.199256687477	33
0	1674.004764766944	23
0	1674.902426018216	29
0	1675.585079453052	29
0	1677.088349917583	37
0	1679.347543069901	34
0	1680.509174407975	38
0	1681.238874861699	22
0	1681.683683900377	27
0	1682.623562371501	22
0	1694.720034912329	26
0	1695.332334236742	30
0	1695.87732065488	31
0	1698.305400099163	27
0	1701.511141574683	39
0	1704.902063618368	24
0	1705.347263566798	35
0	1705.658017199704	32
0	1706.949359965077	36
0	1707.555661976813	33
0	1709.759338851657	30
0	1710.26751718901	34
0	1716.517973279181	34
0	1718.616301893257	38
0	1722.168223308134	35
0	1725.719826550292	23
0	1727.062847957059	32
0	1727.121381740527	28
0	1727.59178800362	36
0	1728.349996641103	35
0	1728.742001740897	33
0	1729.018133081791	28
0	1730.264631402118	28
0	1730.782338399092	31
0	1731.000545680209	34
0	1731.874924990209	34
0	1734.710781272816	23
0	1735.379476151905	35
0	1735.740541394981	36
0	1736.273682972116	29
0	1739.504565501442	37
0	1745.428055111106	29
0	1746.837248544963	27
0	1748.093718850066	24
0	1749.37574321967	35
0	1754.689666386507	30
0	1754.963693719065	36
0	1756.209309541729	40
0	1756.312245532886	37
0	1760.272462145913	24
0	1762.513167396112	32
0	1764.918462689889	25
0	1771.467557835116	38
0	1772.500261643263	29
0	1773.758731357184	33
0	1779.972552685075	36
0	1780.132604817114	41
0	1782.095706933006	33
0	1782.862749816757	23
0	1783.581355919979	37
0	1786.979901392568	25
0	1787.931133722146	34
0	1788.218619670228	28
0	1792.496406989023	31
0	1793.831537140036	29
0	1796.099752609853	30
0	1797.01209086	39
0	1802.283668593979	26
0	1805.549767564178	40
0	1808.228069649379	37
0	1810.417917299856	29
0	1811.316255529841	32
0	1811.895394737605	37
0	1812.749874624449	27
0	1814.535375439381	35
0	1815.856406109222	36
0	1821.682076725382	30
0	1822.396520339411	32
0	1822.493356004918	29
0	1822.817096745088	36
0	1823.775147187503	31
0	1823.875333969262	31
0	1824.215650696788	32
0	1829.863305358186	38
0	1830.706450973009	31
0	1831.259262123961	37
0	1831.736446248571	32
0	1834.229740318063	38
0	1836.531103355765	30
0	1839.286982028702	33
0	1841.998868202248	31
0	1844.127695954776	24
0	1845.824066814197	34
0	1850.395745397711	35
0	1853.32956029098	30
0	1857.043774926254	24
0	1859.560967241936	27
0	1866.511274090997	38
0	1867.143247315042	32
0	1867.754898000936	33
0	1867.87768972509	34
0	1869.32592511621	26
0	1869.329174041157	28
0	1869.678040364834	25
0	1869.799175072931	33
0	1871.399673503475	35
0	1874.388023692997	33
0	1876.123311073608	39
0	1880.114455407953	32
0	1883.287620627037	36
0	1884.99379910849	42
0	1885.060946836441	33
0	1885.525466631104	39
0	1886.036607056771	36
0	1887.566625615166	39
0	1887.582420349215	28
0	1888.456010112289	34
0	1889.669085988337	40
0	1897.080856987292	41
0	1897.901795456706	31
0	1898.808803432894	27
0	1898.955168169679	42
0	1902.096741813748	35
0	1902.155758103125	34
0	1903.573131772983	29
0	1903.723283690624	43
0	1906.159658132548	37
0	1908.825914539328	33
0	1908.87507323479	28
0	1908.953902305569	25
0	1910.815141861811	38
0	1911.758115828366	26
0	1913.927304449763	44
0	1913.961869383993	40
0	1916.836559558782	43
0	1922.736801246464	45
0	1924.043160530163	37
0	1924.166314538253	32
0	1928.897375989508	38
0	1933.457632865129	26
0	1938.811392436985	36
0	1941.588247937545	30
0	1944.717419206318	30
0	1951.582289131395	29
0	1953.899670982704	27
0	1954.92230766809	35
0	1959.281756836366	32
0	1959.454931955155	27
0	1964.231833730145	37
0	1968.2233713846	29
0	1972.08593811779	28
0	1972.369302522827	30
0	1973.414433663616	34
0	1975.93227212135	33
0	1976.065410727952	28
0	1976.495704656913	35
0	1978.050600123428	44
0	1978.418733229095	31
0	1978.473421413679	41
0	1980.495839165346	31
0	1981.72144242881	28
0	1983.591210395387	41
0	1985.061069575792	39
0	1986.374137668062	34
0	1987.682401342163	45
0	1988.440793251854	28
0	1991.420945771239	38
0	1997.851447349171	32
0	1998.165544206936	42
0	1998.766706940361	31
0	2000.060736331089	25
0	2002.260164411595	46
0	2002.385581076148	43
0	2002.426402773314	37
0	2003.757590999078	36
0	2004.482905681353	39
0	2005.045174751315	35
0	2006.799244724543	29
0	2008.216353922677	39
0	2009.458132031489	44
0	2010.252895364486	42
0	2011.094373985849	40
0	2011.36639258825	35
0	2012.187193189266	40
0	2014.120495055684	29
0	2015.185558046546	34
0	2019.614459008857	36
0	2021.316233297027	31
0	2023.117636860371	46
0	2026.340118917497	47
0	2027.808916441844	43
0	2028.553472608939	39
0	2029.525493569362	30
0	2030.168770183194	47
0	2030.886681190179	32
0	2033.018849862503	44
0	2035.773946627511	41
0	2037.768981625124	32
0	2042.66562590981	33
0	2045.38394160077	30
0	2046.829390548714	33
0	2047.362267908	29
0	2051.581438410536	32
0	2051.802621457428	34
0	2052.611947890545	36
0	2057.349406485684	33
0	2060.01892340886	37
0	2060.698645350181	37
0	2061.688937181706	48
0	2062.640960954449	49
0	2067.590797521606	38
0	2068.314917936106	35
0	2072.387763104703	40
0	2073.657786843015	39
0	2077.748779289482	34
0	2078.572660131382	35
0	2078.976128437261	45
0	2079.766521439454	31
0	2080.880215794051	29
0	2081.144179155454	34
0	2081.564780229503	45
0	2082.047228704353	33
0	2083.813588529379	30
0	2086.439614239171	42
0	2086.713472725675	34
0	2086.92811279862	30
0	2088.790603623955	43
0	2094.513405933826	40
0	2097.730198965752	32
0	2099.058925987775	46
0	2099.689470253846	38
0	2102.714233862673	36
0	2105.065996228351	35
0	2118.569004219084	37
0	2119.665584055439	31
0	2120.124961096801	36
0	2120.622430902093	38
0	2123.430062272345	44
0	2125.989504596075	46
0	2127.236612062455	38
0	2127.726070117944	31
0	2127.850386407423	40
0	2130.501908436979	32
0	2131.199568986571	33
0	2139.656557695063	37
0	2140.311429305855	41
0	2140.523593147497	39
0	2142.073582305407	30
0	2148.766100056889	30
0	2149.618949038714	33
0	2150.31868874618	39
0	2153.131843462937	50
0	2157.897618188026	47
0	2159.326863479339	37
0	2160.811575736098	48
0	2160.869240559395	40
0	2170.691881279633	40
0	2172.436900622063	33
0	2173.668426839791	47
0	2175.303372333233	31
0	2178.454091390293	36
0	2178.494086725143	51
0	2179.874539681846	41
0	2181.643807945587	31
0	2183.782322582338	45
0	2185.826940119865	39
0	2187.747096345066	32
0	2194.038233089022	38
0	2202.31606148411	32
0	2202.937776190707	40
0	2205.495971184907	33
0	2207.936817891052	34
0	2213.873830077732	41
0	2218.65653246441	35
0	2221.106081345286	41
0	2223.48745811998	42
0	2223.550005574531	38
0	2226.618353650086	35
0	2230.583568689561	34
0	2230.717554746785	35
0	2230.939512212449	38
0	2231.788937310955	37
0	2232.60246437721	48
0	2234.725473928886	41
0	2234.758326555047	34
0	2235.453973850078	43
0	2235.519461630845	36
0	2238.776962049577	40
0	2240.982420912543	38
0	2241.511493836996	49
0	2241.578656946353	39
0	2241.715242570476	34
0	2246.736165007585	48
0	2247.748523260184	33
0	2248.754172302514	41
0	2253.452760225246	36
0	2254.594128014384	26
0	2254.939222184935	27
0	2255.087187203882	42
0	2262.72245912289	43
0	2265.025179033104	35
0	2265.359515429048	41
0	2266.45145472893	42
0	2270.935229058318	44
0	2271.080153480736	44
0	2271.667201972398	49
0	2272.932404299183	28
0	2273.99772394871	34
0	2276.263513899458	52
0	2277.299626470337	42
0	2282.729643247297	50
0	2284.65227138999	42
0	2288.968213035332	51
0	2291.212382037548	36
0	2295.674898747388	50
0	2295.772581951257	37
0	2295.798000454831	38
0	2296.326335195014	49
0	2298.898860667552	31
0	2299.059368297107	45
0	2299.76495841515	39
0	2301.275860872647	35
0	2302.531771584389	43
0	2310.177539043941	51
0	2310.627950487763	32
0	2311.306720223382	43
0	2311.56741325798	46
0	2311.726094988651	35
0	2315.721246234356	45
0	2316.894663537698	46
0	2322.134309501065	47
0	2323.223991311146	52
0	2326.122987002408	39
0	2329.393649629678	33
0	2334.874057520001	39
0	2341.258521254631	36
0	2346.732597523227	40
0	2349.430373432146	29
0	2349.54738770038	34
0	2350.19614617853	47
0	2359.504658898193	37
0	2361.687055819116	41
0	2363.596348396156	35
0	2364.151718590115	52
0	2366.456716099607	40
0	2372.792968592389	40
0	2377.196026336636	41
0	2381.058419422965	53
0	2381.128905441777	37
0	2381.688661170537	42
0	2383.614950223683	44
0	2384.857636364349	42
0	2385.868880253998	38
0	2386.321746508227	41
0	2387.172116486755	41
0	2387.238296974263	40
0	2390.282424768531	48
0	2392.365710984587	32
0	2394.928055089724	54
0	2395.800574544658	42
0	2404.805440856075	55
0	2405.044517915344	45
0	2407.522516974669	43
0	2408.485687815055	43
0	2409.375710054833	48
0	2410.492122726733	53
0	2418.977851341464	38
0	2419.625493609951	33
0	2425.230463456993	36
0	2426.577920687147	42
0	2426.675190633936	49
0	2429.426627239903	36
0	2437.974242821029	46
0	2441.223779434155	50
0	2446.285133748454	44
0	2446.750429410202	30
0	2450.436843912144	37
0	2451.052133352901	46
0	2451.823741853118	35
0	2452.061248356565	39
0	2454.969280577206	38
0	2455.375499157907	50
0	2455.550204653828	34
0	2457.105689290961	45
0	2457.275423808464	42
0	2462.244776357685	37
0	2464.998932702849	39
0	2470.270868220715	38
0	2472.454776061759	40
0	2475.087640788966	53
0	2479.62168130276	54
0	2480.039578209895	47
0	2480.54264771045	42
0	2481.721504199511	43
0	2482.42084742842	51
0	2484.225568727881	40
0	2492.404249148351	43
0	2497.550688233422	44
0	2497.558536711122	36
0	2498.061919425246	39
0	2498.583196462836	52
0	2501.263443591702	44
0	2501.334413316314	40
0	2504.731006402967	41
0	2506.907560114561	41
0	2512.73785196654	31
0	2513.394561643389	48
0	2517.006656369056	55
0	2518.057605390319	43
0	2519.388841134962	36
0	2523.747459424046	37
0	2524.504253430235	44
0	2526.553761979252	34
0	2528.158991460409	37
0	2529.379694029864	45
0	2531.818894754332	38
0	2534.558630708315	39
0	2537.759336242403	42
0	2539.517148451769	49
0	2542.849838139259	40
0	2542.955149941385	56
0	2543.89056556927	44
0	2548.318309331462	35
0	2552.387613960644	51
0	2552.602691039521	45
0	2553.784270063672	50
0	2558.447656382019	45
0	2559.06799439376	46
0	2559.476491248976	53
0	2561.35002000099	46
0	2562.056307347045	47
0	2562.207266843019	52
0	2564.188783952561	36
0	2565.756271875946	46
0	2567.614432481424	54
0	2570.446946116563	47
0	2571.965895534954	49
0	2572.256435682584	37
0	2574.935193166231	43
0	2576.307893949334	41
0	2580.345943425417	39
0	2580.692915234761	55
0	2580.924431606452	36
0	2582.230607988811	46
0	2584.242713035671	48
0	2584.704359801159	38
0	2585.509357356857	47
0	2612.137683024428	47
0	2612.794058512533	35
0	2612.987238374625	44
0	2613.33261656196	39
0	2613.638148249985	43
0	2615.461826874388	44
0	2628.934407506291	40
0	2630.955591706172	43
0	2632.335518154447	50
0	2633.202153756119	48
0	2634.524424064493	56
0	2635.374482217474	32
0	2637.514439304661	48
0	2639.089386260975	49
0	2640.879994434246	36
0	2640.968532265669	49
0	2642.628931876118	47
0	2643.947477779034	41
0	2644.274461967297	41
0	2645.432445627466	42
0	2647.534214474508	50
0	2648.078538907645	42
0	2648.745503174689	33
0	2649.087038365482	48
0	2651.103047629274	45
0	2654.735461986487	43
0	2659.406815898409	54
0	2661.189134510965	37
0	2661.982344173076	44
0	2662.494590689659	45
0	2662.592927195833	38
0	2662.968450107988	45
0	2668.637108611373	41
0	2670.014491534106	49
0	2671.242182164671	48
0	2672.157314845577	55
0	2672.356462193779	49
0	2674.312972439192	50
0	2674.340439610154	53
0	2676.784191322429	38
0	2680.250281326685	56
0	2682.387593324799	42
0	2683.506597389945	50
0	2685.322562865349	40
0	2687.460231056582	51
0	2694.293454924655	38
0	2696.532165715194	51
0	2698.560673550676	51
0	2699.012451887578	57
0	2700.747052285991	56
0	2701.358936597168	43
0	2702.782823167376	46
0	2712.556623166616	49
0	2716.687102408995	42
0	2717.078402051147	52
0	2719.927995758288	37
0	2720.431346189516	54
0	2721.574988853572	57
0	2726.298517783652	58
0	2726.61471429315	50
0	2727.8618827454	47
0	2730.757358145215	52
0	2731.863342830724	51
0	2738.033502673806	44
0	2738.384773230877	59
0	2738.387263915437	53
0	2740.934695392977	52
0	2744.035718184105	39
0	2745.433660605286	44
0	2750.791808029094	51
0	2751.940926302879	43
0	2754.440540046053	41
0	2754.586028471589	45
0	2758.93096917434	53
0	2759.9240593102	45
0	2760.309438618117	46
0	2764.665914505963	42
0	2765.146706524062	44
0	2765.927878915974	48
0	2766.572940122798	46
0	2778.27298321444	43
0	2778.973300827687	54
0	2782.187156251494	45
0	2787.095869018358	51
0	2787.463910936194	58
0	2791.087882011042	54
0	2792.755515161992	52
0	2793.227683205329	50
0	2794.123667196641	38
0	2797.383682023065	55
0	2797.650681743894	52
0	2802.387702354059	34
0	2803.73110495543	56
0	2807.807875113577	60
0	2808.468997944091	53
0	2810.893573649352	39
0	2811.809057806039	43
0	2812.244760322656	59
0	2813.639271143039	42
0	2813.858201998929	40
0	2816.057025323584	40
0	2822.259591239346	55
0	2822.345265136041	56
0	2824.002576420214	47
0	2827.123161558577	48
0	2828.154555948458	43
0	2831.653651845899	55
0	2834.943997469364	56
0	2837.986847305321	39
0	2838.737308197264	57
0	2839.138114064507	39
0	2840.815074288201	57
0	2841.103956767706	53
0	2841.624125713245	44
0	2843.790160098082	41
0	2844.104974759865	44
0	2846.580196009023	54
0	2852.627866237075	45
0	2852.927454327983	39
0	2854.039630922008	49
0	2856.963991156271	57
0	2861.812838729028	52
0	2865.005398927554	49
0	2868.704424081759	58
0	2869.204586150348	45
0	2870.957800350463	46
0	2871.645348522831	53
0	2873.479029191678	46
0	2873.962737543118	35
0	2874.095737756878	36
0	2874.192995067829	47
0	2874.434257236414	54
0	2879.768018555545	50
0	2881.019265849694	46
0	2884.360188358149	41
0	2885.014481441962	57
0	2885.837007469205	46
0	2887.940686683731	40
0	2888.369036256202	57
0	2889.613370396101	51
0	2890.249521772873	40
0	2891.496736535691	41
0	2894.177028642402	58
0	2894.469871048244	51
0	2896.646082380763	52
0	2904.136691537128	41
0	2906.341143537607	58
0	2906.399984102649	60
0	2911.591309820297	59
0	2912.774241357098	44
0	2913.078930313925	61
0	2914.847237862251	42
0	2915.147675055798	47
0	2916.738548304723	42
0	2917.363110189893	55
0	2917.555290686093	58
0	2917.913918953362	45
0	2918.532889231663	43
0	2919.5745011952	42
0	2923.303226540528	47
0	2925.494138524961	37
0	2928.912731112565	59
0	2930.33858947107	48
0	2935.772243603756	50
0	2936.204104906469	54
0	2936.230004021001	58
0	2937.090173513602	59
0	2937.232171641882	43
0	2942.968758882899	47
0	2946.86658270669	51
0	2948.284616677465	62
0	2955.253969574163	45
0	2955.803853691895	55
0	2957.01384653334	56
0	2958.150966157014	61
0	2962.803337475492	48
0	2963.528942827129	38
0	2963.828788020754	44
0	2965.1959313401	52
0	2965.264372098728	59
0	2965.285752308974	55
0	2967.945785717835	37
0	2970.455694196412	46
0	2971.247633683166	48
0	2973.995039655122	60
0	2980.265530294067	48
0	2982.113065785883	45
0	2985.620597019912	56
0	2989.688358019081	61
0	2992.438500438538	57
0	2992.711903164443	46
0	2993.335491534071	59
0	2996.053924448818	49
0	2997.829355005557	50
0	2999.154421369582	49
0	2999.583629129764	53
0	3002.856146235575	60
0	3003.060024500553	60
0	3006.943706029798	44
0	3015.53918985817	39
0	3019.420094522935	58
0	3019.583006982868	56
0	3022.957924555974	62
0	3026.29392886295	47
0	3033.453045721065	63
0	3033.460778683119	49
0	3036.344526307493	38
0	3037.156163013259	49
0	3038.280897195144	57
0	3045.770871993294	40
0	3046.417140863806	59
0	3053.952787794655	52
0	3056.717150833024	39
0	3057.726440358468	47
0	3060.284622600217	53
0	3064.234150275289	41
0	3067.287906969608	42
0	3067.372181522266	42
0	3070.397972157744	63
0	3072.321459907531	50
0	3073.633655094984	51
0	3073.995623639499	50
0	3076.692576586254	64
0	3081.704627200365	43
0	3082.849173991165	48
0	3084.649312703218	43
0	3086.765859781731	58
0	3087.458797017788	54
0	3089.184389852732	64
0	3092.808478172587	44
0	3094.382886658804	61
0	3095.409038048024	46
0	3095.905289059618	51
0	3103.512247415504	51
0	3104.346701144674	46
0	3106.665314648053	50
0	3109.368524353596	48
0	3114.15933370109	49
0	3115.662364054045	45
0	3116.32911881697	53
0	3117.119111569383	47
0	3118.077619333068	46
0	3119.256702758486	53
0	3119.460203979563	59
0	3120.212871671207	60
0	3121.932017592248	50
0	3122.235634450262	44
0	3122.783829659523	47
0	3123.340418447237	45
0	3124.462321328017	52
0	3124.87032295876	47
0	3124.991842406536	48
0	3128.113613783772	49
0	3133.206873375814	52
0	3133.721062848453	60
0	3134.482630588496	62
0	3136.476089492023	40
0	3138.966710292148	62
0	3146.054220908675	51
0	3148.772968129198	49
0	3153.61271712617	53
0	3163.76482483254	61
0	3168.401870159087	63
0	3171.647283971602	50
0	3172.97869822736	45
0	3173.647131146104	41
0	3175.126792000565	46
0	3177.793970761068	60
0	3182.781265664133	54
0	3184.207868326643	43
0	3185.042012856766	47
0	3188.108116874271	54
0	3190.324210784306	48
0	3191.005011409681	61
0	3191.074164090889	65
0	3191.161077267504	64
0	3192.525850483303	66
0	3192.807205576417	57
0	3192.832648315581	61
0	3207.226989495725	67
0	3208.207028295176	63
0	3208.707789336308	49
0	3210.167058681922	46
0	3210.72525160835	44
0	3212.18195051683	51
0	3213.836552268431	52
0	3226.276746084933	54
0	3226.641068426524	48
0	3227.206906465864	58
0	3227.378368267747	53
0	3229.449680720717	52
0	3229.6614666928	53
0	3231.654384371417	51
0	3235.07616241972	68
0	3235.096216881677	55
0	3236.000132030548	65
0	3238.589553031413	42
0	3242.288582831242	54
0	3244.399355849875	62
0	3246.166618022261	62
0	3247.229912318802	55
0	3250.708861478554	47
0	3251.015208224132	44
0	3251.912044580964	61
0	3252.621048877709	56
0	3254.836961924849	40
0	3257.319815324049	69
0	3258.837852289453	41
0	3262.545090838198	63
0	3263.49036186241	70
0	3266.308180968128	60
0	3270.741585679627	48
0	3271.653106354578	48
0	3277.740093739921	66
0	3279.682361301951	64
0	3281.546105118108	54
0	3281.965571360609	54
0	3282.589853920008	61
0	3282.842091241289	63
0	3284.724929502704	57
0	3287.83057457895	50
0	3289.381963000427	42
0	3289.590779803769	49
0	3290.991552872144	55
0	3291.159323878796	55
0	3297.544911866874	65
0	3297.787917367075	53
0	3301.087854047831	43
0	3305.457363824922	45
0	3305.467904780113	55
0	3314.773761783719	52
0	3316.375096571622	49
0	3318.10339014104	52
0	3318.331814972826	43
0	3321.997320692321	71
0	3322.401424362173	58
0	3322.84817584848	53
0	3327.177433236149	62
0	3328.355201249131	62
0	3328.984456277449	50
0	3329.336150987862	54
0	3329.90095150898	50
0	3333.04439943424	54
0	3334.735150862226	64
0	3334.815327051774	51
0	3335.725556430078	56
0	3338.852597164214	51
0	3340.809436464188	49
0	3341.231384726071	50
0	3342.103177919706	44
0	3348.650241404221	45
0	3350.496212676961	65
0	3353.324977209836	64
0	3354.865061502568	46
0	3355.372215065788	55
0	3356.973674497969	66
0	3358.185584029279	56
0	3358.794457171781	56
0	3359.459126598508	57
0	3359.744214594594	65
0	3361.028284458324	59
0	3365.050760288835	62
0	3365.54127751345	47
0	3369.83603890001	48
0	3370.202817253737	56
0	3370.637630083164	55
0	3371.172860665409	56
0	3372.040863479133	55
0	3373.340490799831	57
0	3375.069984784979	57
0	3377.08707969392	52
0	3377.844904967063	60
0	3378.160466568637	47
0	3378.838060588848	63
0	3384.243033159531	50
0	3384.552622611639	64
0	3389.227536265593	52
0	3389.919284055082	51
0	3390.896875224868	49
0	3393.631319764941	46
0	3397.827573808093	47
0	3400.009285089726	72
0	3400.982145016183	57
0	3401.922134367822	44
0	3402.71688567478	67
0	3406.572548558241	53
0	3406.607902096002	63
0	3414.263431596383	48
0	3414.755216613558	56
0	3415.523379812745	51
0	3420.728523667553	58
0	3422.925128896488	66
0	3425.992202534831	56
0	3426.992047539494	45
0	3428.936086950259	53
0	3430.507891654856	52
0	3432.162643659946	53
0	3433.353939101681	65
0	3433.762102999566	67
0	3434.783021569064	64
0	3434.788747677827	68
0	3436.029436859253	68
0	3436.456749411304	61
0	3436.504950092881	59
0	3439.834204854207	57
0	3440.657541351418	48
0	3443.28535576529	49
0	3443.451532141948	58
0	3444.259896840706	57
0	3446.457318896033	73
0	3446.844396780073	62
0	3447.350052648769	54
0	3450.588342919916	52
0	3452.453876351177	65
0	3452.690737299387	66
0	3455.276197260379	67
0	3457.221833767406	67
0	3463.821462774553	58
0	3464.46906177951	49
0	3469.566141109437	68
0	3471.045549543852	50
0	3471.594470575422	63
0	3474.431892676299	46
0	3475.043978432039	53
0	3478.611795162969	64
0	3480.573794692688	58
0	3480.629275807698	54
0	3482.576114012861	55
0	3483.366788395603	74
0	3489.870275353322	57
0	3490.733839262754	59
0	3491.021021030468	60
0	3499.504575168504	54
0	3504.260969114327	50
0	3514.537242750341	54
0	3514.704389090385	45
0	3515.056712232234	65
0	3515.448995560442	51
0	3517.160559563491	60
0	3522.566435505135	66
0	3524.587254283742	59
0	3525.944425622456	58
0	3527.148803605861	68
0	3528.235652423794	53
0	3529.933929371497	54
0	3530.729133871625	47
0	3530.810214472028	55
0	3531.57276994941	55
0	3532.97259100221	60
0	3535.651435106976	59
0	3541.808098785986	63
0	3544.58393485034	61
0	3545.379241466299	67
0	3546.001893254967	65
0	3546.437488490373	66
0	3548.708819262647	69
0	3552.225289412011	56
0	3552.609090039809	52
0	3553.72252060399	61
0	3556.589971870385	55
0	3559.847880754783	60
0	3565.461994305601	56
0	3569.400055881496	66
0	3569.632283847716	57
0	3571.08658129687	55
0	3572.296657575894	53
0	3573.445220903324	68
0	3575.567793872794	54
0	3579.411820276527	69
0	3581.240769812075	59
0	3586.503742488632	62
0	3586.77030153661	67
0	3587.358193555762	57
0	3590.527351558686	59
0	3593.368053430716	46
0	3602.331489535251	58
0	3604.939657344345	47
0	3606.000496328348	67
0	3606.560010560051	55
0	3606.80000501182	62
0	3608.920079160365	56
0	3610.086225083938	66
0	3612.065538016467	58
0	3612.709426635078	60
0	3613.290638143269	50
0	3614.458490292787	69
0	3615.31580005378	70
0	3615.491719744634	55
0	3617.122846863704	48
0	3619.13291321005	48
0	3620.568425399078	51
0	3620.96547493605	59
0	3622.592768425757	70
0	3628.39633957958	75
0	3629.228139156501	61
0	3630.301820345969	56
0	3631.450371368019	49
0	3632.183104160119	49
0	3632.938039819453	52
0	3632.97957568639	67
0	3636.211539603629	56
0	3641.902311841516	68
0	3642.035426737418	56
0	3646.260040693036	53
0	3646.499658639195	71
0	3652.792147823635	59
0	3653.410649056022	57
0	3655.685208472688	68
0	3656.187638196631	60
0	3659.06540897856	71
0	3661.195467515247	57
0	3663.524605083481	51
0	3665.534432223455	60
0	3665.987807726015	58
0	3667.576800664138	50
0	3668.171930166521	69
0	3671.079991055273	68
0	3671.990377789293	50
0	3672.193947219578	58
0	3672.496581814914	76
0	3676.103638489788	51
0	3676.118996847402	57
0	3679.604328404436	72
0	3679.766050505378	51
0	3681.055764255514	58
0	3681.538672966422	52
0	3682.312819982334	59
0	3684.83734660266	69
0	3685.587214617535	70
0	3686.585335939876	61
0	3687.264907599265	58
0	3688.885114801677	61
0	3688.994504468046	73
0	3689.169398615336	74
0	3690.233795650293	62
0	3691.095053301343	52
0	3692.287937812361	77
0	3694.610093334019	70
0	3696.211162449542	59
0	3697.860143929668	61
0	3701.15061068345	58
0	3701.880851514458	75
0	3702.443083030483	57
0	3703.700191979614	59
0	3705.138314333837	53
0	3705.461640672946	60
0	3711.287538357099	52
0	3711.764379283562	63
0	3716.938401293448	63
0	3717.188478709586	72
0	3717.633430990159	62
0	3720.338770540127	60
0	3721.478209263564	64
0	3722.424891601983	63
0	3725.641866166903	64
0	3725.744102715119	71
0	3726.348924039015	71
0	3728.625117177406	69
0	3730.094143963188	54
0	3732.300431837866	69
0	3738.849165261156	65
0	3742.305431537437	62
0	3743.769749097725	58
0	3743.934306904948	76
0	3745.433267628303	70
0	3746.701703104322	54
0	3749.468614201688	65
0	3750.118543943556	66
0	3751.018932512027	70
0	3753.048780848472	64
0	3758.433411112193	72
0	3761.129535633417	63
0	3761.516864808577	78
0	3764.146977810488	73
0	3769.607967488495	61
0	3771.497228270323	70
0	3783.353474123261	65
0	3783.392952821913	59
0	3784.41033740558	77
0	3791.336281897103	71
0	3793.785342290831	61
0	3798.652730817021	60
0	3800.448773739737	64
0	3802.92358972194	60
0	3804.703025164447	67
0	3805.10351684223	73
0	3806.206081080803	61
0	3808.178175135212	74
0	3810.150125447285	66
0	3810.374246544835	61
0	3812.498729315071	61
0	3815.069252654077	51
0	3816.141975703326	79
0	3816.253452283762	72
0	3819.258572721817	65
0	3821.021885523429	62
0	3821.659313266479	78
0	3828.458895923188	66
0	3829.264355861678	63
0	3829.823870840903	60
0	3835.0696823544	68
0	3837.168398561514	71
0	3837.690252537514	53
0	3838.225796018937	64
0	3840.326052798269	63
0	3840.327811837097	54
0	3840.4208409701	69
0	3841.958789848222	62
0	3842.585557781041	65
0	3842.64624999637	55
0	3843.28945151449	66
0	3843.696366400767	70
0	3844.416606359253	62
0	3845.245648513987	53
0	3849.305386745675	55
0	3849.375389263338	80
0	3850.675649826744	54
0	3853.712025696398	71
0	3854.399926618259	74
0	3858.655384473348	56
0	3860.196075784105	63
0	3860.887778580488	81
0	3861.217035742048	63
0	3862.860781866484	73
0	3863.123666347759	64
0	3866.709670316076	72
0	3868.702395591039	66
0	3872.635300815125	64
0	3873.024741747407	55
0	3875.36222719896	72
0	3875.876162539897	72
0	3878.908316390199	75
0	3880.114860632693	56
0	3881.169841997854	62
0	3882.695335612458	56
0	3887.143997063323	62
0	3890.293122392009	57
0	3890.843596177298	73
0	3895.192346197491	75
0	3896.352079557539	79
0	3904.315765796685	65
0	3904.466695017292	58
0	3907.127150821048	61
0	3907.28096882193	66
0	3908.115482622891	67
0	3908.540380365785	63
0	3908.867808876217	67
0	3909.437117171817	57
0	3910.182630146679	73
0	3910.269483201224	67
0	3910.717343016015	74
0	3911.527149426495	75
0	3913.890099776488	74
0	3915.745828553951	76
0	3915.813905900587	76
0	3916.388455275593	82
0	3917.32122861789	77
0	3918.698225935894	57
0	3919.18023809279	74
0	3921.110748694456	65
0	3923.0496632572	64
0	3924.664661139424	71
0	3929.268109030348	67
0	3929.689171383605	62
0	3929.863135189424	63
0	3932.811557797446	59
0	3933.084718270359	67
0	3933.889169947069	68
0	3936.058842216763	58
0	3936.151115437006	62
0	3936.302936296143	63
0	3936.796310378991	63
0	3938.714625870363	73
0	3939.912695797297	59
0	3940.873921262676	64
0	3940.897237153853	68
0	3941.251195858857	76
0	3944.035557045593	77
0	3946.988806252993	52
0	3951.557489074523	78
0	3952.265498603841	72
0	3955.519319976508	64
0	3961.244143056912	68
0	3962.810533930145	59
0	3967.951099911191	68
0	3968.803073862523	65
0	3969.025007650332	68
0	3970.117620122636	75
0	3970.53673865986	79
0	3973.6765925481	53
0	3974.948361960828	69
0	3979.009518214428	64
0	3981.387720299074	83
0	3987.137597753861	64
0	3988.243061825823	77
0	3990.687429588393	80
0	3992.591429485752	74
0	3995.521339195792	65
0	4004.421304406958	80
0	4006.648419987607	59
0	4008.691917212319	69
0	4009.437545536667	78
0	4012.067500320652	69
0	4015.343949386062	60
0	4016.906395471658	78
0	4017.441661456537	73
0	4018.484555263458	79
0	4018.85627850221	75
0	4020.750919887132	66
0	4032.63079151352	56
0	4035.33452041071	65
0	4035.906998545369	70
0	4036.704189276136	69
0	4038.694951788802	66
0	4040.281367144567	60
0	4041.498594546056	75
0	4042.510624358996	76
0	4045.496679885374	70
0	4045.812768493188	54
0	4051.680945316398	71
0	4054.627918879737	72
0	4057.580805343632	76
0	4058.019604912324	69
0	4058.151093741799	70
0	4061.887221460811	80
0	4061.969462610273	61
0	4072.208985742102	58
0	4073.482073911325	55
0	4077.206070021078	79
0	4077.648966701103	62
0	4078.665744412021	65
0	4080.895579122627	63
0	4081.793059211933	71
0	4081.813184205307	64
0	4082.647847273306	76
0	4085.57257862624	84
0	4086.336188183643	55
0	4086.74965285502	77
0	4087.672937333976	64
0	4090.22542051405	65
0	4091.491105682743	70
0	4091.493206384968	69
0	4092.493023485429	56
0	4096.15714505178	81
0	4097.915606833275	80
0	4100.90238345314	57
0	4105.541842998468	65
0	4108.496266496593	82
0	4109.698156109482	70
0	4109.755663238062	72
0	4111.977352096378	67
0	4120.661560919531	74
0	4121.481435625382	75
0	4122.092566108047	78
0	4123.892941565364	71
0	4126.781324422055	81
0	4126.903586882845	57
0	4127.610128516878	76
0	4128.096768267808	71
0	4130.228655545731	71
0	4131.323563855313	79
0	4133.729552551358	85
0	4135.13375873227	80
0	4135.33210240755	72
0	4135.818474649137	59
0	4136.393675810868	67
0	4140.912099911827	60
0	4143.488781716872	66
0	4147.57440661051	72
0	4148.486052086888	68
0	4148.508742164277	56
0	4150.211875129141	69
0	4151.779956057245	67
0	4156.216783588927	81
0	4156.728593776753	81
0	4157.421775707612	66
0	4160.235600770136	61
0	4163.020995332279	61
0	4163.280551233243	70
0	4163.281026237273	73
0	4163.425606080608	74
0	4164.138177947181	68
0	4165.241846939373	66
0	4165.39614289409	73
0	4165.501931328073	57
0	4165.830052804635	75
0	4169.804258600257	86
0	4171.850168258179	65
0	4173.406394656179	82
0	4175.663459552299	82
0	4176.60976347832	66
0	4176.658392005573	60
0	4177.262437567543	66
0	4177.453755529407	58
0	4178.022179545168	58
0	4179.320119966666	77
0	4179.608504642459	74
0	4184.449368039253	59
0	4186.116244566256	77
0	4186.887643087056	68
0	4189.520789902112	71
0	4193.63429668756	87
0	4194.67963869396	77
0	4194.70777333254	58
0	4196.03848478937	67
0	4198.554094975928	59
0	4202.475908995779	67
0	4204.578630380451	67
0	4206.056476551183	69
0	4206.289729568554	73
0	4210.946714622435	60
0	4213.582902183996	76
0	4214.485652521216	75
0	4220.177809488511	62
0	4225.760220851294	74
0	4225.822039426402	62
0	4227.197764602543	68
0	4228.24070880337	61
0	4228.397367721458	70
0	4234.47131561921	60
0	4234.749381855955	63
0	4235.547913217322	63
0	4239.372649753086	71
0	4240.096498539368	77
0	4242.424085935337	81
0	4243.17598257871	82
0	4247.943444325641	68
0	4248.24374699098	78
0	4253.221415587891	79
0	4256.216105850822	67
0	4258.210793110961	80
0	4266.951235247099	59
0	4271.29287262795	62
0	4272.117349679249	83
0	4274.009251606274	78
0	4276.613294333891	66
0	4280.081117610526	81
0	4280.095137436526	83
0	4280.670776565216	68
0	4286.435002999958	72
0	4288.559090605438	73
0	4295.305379723318	78
0	4296.156911695691	82
0	4301.432307322529	69
0	4301.613034837388	72
0	4307.177199659795	74
0	4310.409434891447	67
0	4311.163016472875	69
0	4313.238489615093	83
0	4316.106287866225	61
0	4316.273668739725	70
0	4318.40479759369	73
0	4318.513541641039	84
0	4320.250016228094	83
0	4324.960333225172	88
0	4325.358885590109	84
0	4326.031481019588	76
0	4327.59194263913	60
0	4329.801648324331	82
0	4331.616915027121	83
0	4332.841686927439	85
0	4335.795893857584	69
0	4337.33275334628	64
0	4340.078761467171	63
0	4345.176238427395	64
0	4349.177066568627	85
0	4354.134744283947	77
0	4362.494241668554	79
0	4363.188300484734	89
0	4364.220446289217	70
0	4367.840080993698	83
0	4368.556328187091	80
0	4369.45985083552	61
0	4369.85151360859	60
0	4370.129495162248	75
0	4376.340592336316	62
0	4378.126723469856	90
0	4379.87711188706	64
0	4380.277336586955	71
0	4380.414867056555	78
0	4382.132847825583	91
0	4384.610767714417	84
0	4384.972410082344	84
0	4386.55186218525	65
0	4387.682224540292	86
0	4388.009446287127	74
0	4388.223867751299	61
0	4388.911054706068	92
0	4389.643646667984	65
0	4389.717893090644	79
0	4391.245629826561	70
0	4392.4123085644	79
0	4394.33501157538	66
0	4394.921134005124	71
0	4397.458985708285	68
0	4397.810137497997	75
0	4408.118335914989	72
0	4409.040402411452	86
0	4410.435241599119	62
0	4411.885941124999	73
0	4412.882391184234	63
0	4419.230897974834	78
0	4420.629111928141	74
0	4422.360351329374	71
0	4423.460121208398	73
0	4427.656717236572	68
0	4428.680284253627	74
0	4429.425162949568	61
0	4430.175261809222	62
0	4431.708905635927	76
0	4434.08814125195	66
0	4435.870297156303	87
0	4436.338600008464	70
0	4437.883430754877	71
0	4442.769189619974	69
0	4444.720878580549	72
0	4445.849812232966	93
0	4446.574781930801	94
0	4450.526732858389	84
0	4461.769072241829	75
0	4464.44722733588	80
0	4469.826950586996	87
0	4474.160590108566	85
0	4478.805626683577	62
0	4482.822451505454	77
0	4484.268193188148	72
0	4484.571111100558	70
0	4485.804830738347	84
0	4486.475234411486	73
0	4488.681306511561	86
0	4490.683148309794	75
0	4491.128076903785	87
0	4491.557067736668	64
0	4492.000675386173	85
0	4494.2958989365	69
0	4502.420328004408	72
0	4504.745622443182	88
0	4507.139471906291	67
0	4508.900040396078	85
0	4509.271371850611	65
0	4513.410027327625	85
0	4515.253500367021	71
0	4515.761935239965	68
0	4517.259933338801	63
0	4518.781350039495	81
0	4523.546028093568	78
0	4524.627466126636	86
0	4525.914720854998	87
0	4526.81909182475	63
0	4536.06709291767	95
0	4538.419326544486	89
0	4540.9398569013	69
0	4541.692889732016	73
0	4541.938692823677	76
0	4543.177330681464	64
0	4546.403318776362	88
0	4547.691258324462	76
0	4554.225396629474	70
0	4559.365353960432	66
0	4560.504272176562	73
0	4563.79584871892	80
0	4566.209629404327	79
0	4567.379386207222	90
0	4568.753416992573	76
0	4571.12328589833	65
0	4580.794132316757	77
0	4582.18207990958	78
0	4582.971630527754	81
0	4584.269562792521	79
0	4585.212059839129	82
0	4586.615063293414	79
0	4587.277655589891	69
0	4587.784335116004	67
0	4590.073167887747	91
0	4590.502248763887	65
0	4590.519747405359	83
0	4591.617540686944	74
0	4591.752749363666	72
0	4595.52129004152	84
0	4596.472353022546	88
0	4599.437886235827	81
0	4599.467263780306	64
0	4603.102566251292	70
0	4605.356856206266	92
0	4605.908823025388	63
0	4606.575162371405	77
0	4609.42888111795	88
0	4614.488398899882	77
0	4614.827066781491	80
0	4617.897508601471	75
0	4618.383709753573	73
0	4623.628202049609	74
0	4626.650326250131	80
0	4627.25748623992	64
0	4629.310874484073	80
0	4635.19121421261	65
0	4635.990814818601	89
0	4636.434071106896	78
0	4637.552211387659	66
0	4646.288623772934	74
0	4648.314393101927	68
0	4650.090119546992	85
0	4652.830633974027	86
0	4653.641807734719	86
0	4654.717896454516	65
0	4658.176009114726	75
0	4658.60774903795	66
0	4660.996983207485	70
0	4663.933153709415	71
0	4666.073953599541	93
0	4666.308717091574	74
0	4669.728953054664	87
0	4671.43442629341	67
0	4673.380206214884	94
0	4674.98559048356	67
0	4675.731306811085	88
0	4676.925800850738	81
0	4677.375406857608	69
0	4678.810142755886	81
0	4686.086390614074	96
0	4687.923588503731	71
0	4691.192684937107	75
0	4694.794075872177	72
0	4698.890938768355	95
0	4699.061945755982	90
0	4700.336430884212	87
0	4700.644202365548	91
0	4709.209878900437	88
0	4712.628823375273	82
0	4713.843803687808	89
0	4715.585013452062	66
0	4715.941553936787	82
0	4716.811956617529	67
0	4717.053163291706	79
0	4722.106740208688	80
0	4728.279141898927	66
0	4732.186646271192	71
0	4738.535117653702	83
0	4741.069688507402	68
0	4742.573218948331	68
0	4744.154071357274	72
0	4744.858003409763	75
0	4744.860158873563	89
0	4746.226169946709	67
0	4747.077224150836	76
0	4751.373536231994	96
0	4753.859065817515	90
0	4754.01675352286	97
0	4754.870414449096	89
0	4754.974731317035	81
0	4755.217132958628	76
0	4757.871666735182	77
0	4758.045159315397	73
0	4758.82090767025	78
0	4759.149781354296	81
0	4764.293568495985	78
0	4766.05648814427	76
0	4768.13310556664	72
0	4768.335850105075	82
0	4769.580750821447	90
0	4769.904790010267	98
0	4771.21301123128	86
0	4773.079796468933	76
0	4773.297697984606	75
0	4774.755032345418	69
0	4776.560262421094	89
0	4777.222258866692	83
0	4777.623063373193	70
0	4777.872237446617	92
0	4777.988353258349	87
0	4782.345603929151	76
0	4783.3555520632	73
0	4785.235974833459	79
0	4788.755923973125	82
0	4789.040787095198	72
0	4790.608601375243	88
0	4793.937679292961	82
0	4797.973606358011	77
0	4798.048002587874	79
0	4798.445134026696	68
0	4798.511495293571	90
0	4799.195402717637	71
0	4799.293951057829	69
0	4800.018404308711	77
0	4807.913518102823	82
0	4811.131392548384	80
0	4811.353785516642	83
0	4812.546919364472	84
0	4814.218423740366	85
0	4815.159080899492	67
0	4815.578627560094	84
0	4818.143860521283	74
0	4820.133711575504	93
0	4823.304445438629	77
0	4829.104574482658	73
0	4829.277026669486	81
0	4833.606477949805	75
0	4835.031554680941	78
0	4835.771183513315	69
0	4841.16014518755	74
0	4841.97752797568	77
0	4843.040022690658	70
0	4845.335418081758	78
0	4846.959146233726	90
0	4847.31448874726	73
0	4848.129735360098	68
0	4848.424949435028	74
0	4849.906296740409	91
0	4851.543852107406	78
0	4854.512679746514	68
0	4858.805259880837	94
0	4859.084007018568	70
0	4865.63648867154	69
0	4866.188425465388	83
0	4873.441641063453	75
0	4873.616176109627	84
0	4880.494987755237	80
0	4880.609696911197	85
0	4880.909835863714	91
0	4881.616026758382	74
0	4883.590191223423	70
0	4885.825078521168	97
0	4887.472038975327	91
0	4891.374916904632	84
0	4891.649374428645	85
0	4893.353514098136	71
0	4896.49091002442	69
0	4897.078203399778	99
0	4899.48688398656	70
0	4899.965285557579	82
0	4904.609515716899	91
0	4908.499792417915	83
0	4908.774669447514	79
0	4912.000537662733	92
0	4912.229924389221	76
0	4915.146406979662	84
0	4917.2606792761	71
0	4918.451795350627	85
0	4919.17729634224	72
0	4920.856358019326	75
0	4921.481711667809	73
0	4926.880713309627	86
0	4929.602006156533	77
0	4934.232796150356	83
0	4937.266374980283	89
0	4938.247666646905	71
0	4941.610013264426	87
0	4945.864112406665	100
0	4945.943816385458	90
0	4946.554567543309	98
0	4949.174994780869	75
0	4953.060472493537	93
0	4955.425936590113	79
0	4955.972858776961	72
0	4956.359023127146	79
0	4960.66865519089	78
0	4968.99740234852	73
0	4971.89796231283	80
0	4972.172991934103	84
0	4972.24002196536	72
0	4973.183693237054	91
0	4973.721963299286	71
0	4974.302212934544	86
0	4976.417552061824	92
0	4981.421138185518	72
0	4982.340123447625	80
0	4982.976011602563	88
0	4985.170854422514	92
0	4986.297712590367	92
0	4987.819202550035	85
0	4989.386967372372	81
0	4991.120922048609	86
0	5000.19421621797	82
0	5000.587448222021	93
0	5002.292249341419	76
0	5002.401701693878	94
0	5002.742628892223	78
0	5003.318565291993	92
0	5008.889393423928	95
0	5014.21247894149	73
0	5014.746541835011	93
0	5014.928007534096	85
0	5015.697696149421	76
0	5023.112399370382	76
0	5027.788227463104	73
0	5036.565563586373	87
0	5038.640689837032	79
0	5040.540506411517	80
0	5045.164211252291	94
0	5046.702047179442	93
0	5051.991159221533	93
0	5053.049045278678	94
0	5056.883094750017	94
0	5058.935817474633	83
0	5059.241488279746	70
0	5061.439438177866	89
0	5063.36847937321	96
0	5064.384151554368	95
0	5068.032648588596	77
0	5071.847848287552	81
0	5073.120261739264	83
0	5073.666512919889	80
0	5074.309238839312	82
0	5077.281840622919	97
0	5077.355614916987	94
0	5080.04693672703	71
0	5081.440878952457	98
0	5083.117716016338	74
0	5083.756123215357	95
0	5086.553950562936	78
0	5090.81139875196	75
0	5090.839666960005	77
0	5091.550815045581	95
0	5092.048471033221	88
0	5093.445455792211	86
0	5093.541038158605	90
0	5093.747620064193	84
0	5100.540692425637	87
0	5102.395684750684	96
0	5104.696185237999	74
0	5106.185232033162	81
0	5107.305211278408	87
0	5107.981687586699	89
0	5108.563410932879	95
0	5108.973061341486	88
0	5112.547915173468	96
0	5113.182576959813	84
0	5113.356844475944	72
0	5115.251379222836	74
0	5116.185393520332	88
0	5116.584791622659	97
0	5116.659197820816	91
0	5117.358671021457	85
0	5117.461552387333	96
0	5118.556677378139	72
0	5120.496973976936	81
0	5120.828633812346	82
0	5125.94797993117	95
0	5131.126649319888	92
0	5135.279439277792	77
0	5135.678109448437	78
0	5135.978597350024	83
0	5136.077998434198	79
0	5136.773264326779	79
0	5143.187079972269	90
0	5145.073606226387	76
0	5146.972085750426	91
0	5148.585996599608	75
0	5151.509921139589	84
0	5151.628369500319	83
0	5154.601809431075	89
0	5155.038689075065	77
0	5155.385313800525	78
0	5156.478851748063	96
0	5156.617824477264	96
0	5157.90552058475	73
0	5163.399191304392	74
0	5165.274693426259	97
0	5165.780405564947	97
0	5169.029323911601	76
0	5169.810985345873	89
0	5174.397602111262	73
0	5174.583011003506	86
0	5175.580399156322	77
0	5176.234370731543	98
0	5176.755614759349	90
0	5178.185048710391	84
0	5178.886452352169	93
0	5179.182819495968	91
0	5181.299414308892	74
0	5182.900877520856	85
0	5183.829062321119	86
0	5185.61658336278	87
0	5186.213072330426	92
0	5190.978729016317	80
0	5190.997218478279	74
0	5192.415483475909	99
0	5193.210305316971	75
0	5193.536205814832	94
0	5193.895578729111	82
0	5194.864033212557	100
0	5195.231301968121	75
0	5195.78412148451	95
0	5203.032299774716	86
0	5207.760998454849	75
0	5209.034562243865	97
0	5210.578712418268	78
0	5211.646053292369	96
0	5216.487847806475	92
0	5217.338695388151	80
0	5222.516750829412	93
0	5229.917592704871	83
0	5237.446019078388	99
0	5239.979347187713	93
0	5240.516504429916	79
0	5240.643644604333	86
0	5241.965787952238	100
0	5244.083260189758	87
0	5246.064959586181	85
0	5247.48275146535	90
0	5248.496860598865	87
0	5256.193467696831	81
0	5258.205346800003	91
0	5261.313681184018	88
0	5266.71810093808	79
0	5267.23512152111	99
0	5267.991137372844	81
0	5271.26223277523	79
0	5273.165626763535	89
0	5277.37562754547	92
0	5282.124501350079	100
0	5282.590399473961	98
0	5284.064602359736	87
0	5284.57686714601	99
0	5284.705123460859	80
0	5285.689929309809	88
0	5287.850500115951	89
0	5288.423987647542	78
0	5289.476179929639	98
0	5293.872430025228	76
0	5295.904513109841	80
0	5296.677738996329	77
0	5299.744597524785	76
0	5299.791970003841	88
0	5301.353672837902	90
0	5301.736263033637	75
0	5303.768967208021	94
0	5309.562588773839	76
0	5313.618299080399	97
0	5318.248612977883	80
0	5319.097833276784	88
0	5319.219241607263	89
0	5323.237628572924	98
0	5324.313690342741	79
0	5327.449198254073	100
0	5327.611072685995	90
0	5329.965567440087	80
0	5330.995060141239	90
0	5334.403022573253	81
0	5334.746241313237	91
0	5335.788783202303	89
0	5336.077656219426	99
0	5338.689263997782	81
0	5340.926066062151	85
0	5346.74433387078	100
0	5346.802923631797	92
0	5350.133192299739	99
0	5353.281622074926	84
0	5359.9699153088	97
0	5362.280159578155	81
0	5363.595134047037	81
0	5371.574956684801	94
0	5371.66584064567	82
0	5375.774292493104	100
0	5377.610330092668	86
0	5381.283422606135	82
0	5386.189495491797	93
0	5388.915985441152	82
0	5391.975446128419	98
0	5400.004645129066	95
0	5401.986954301663	87
0	5402.806887384971	82
0	5404.932349322524	98
0	5414.432362420503	82
0	5415.142894131583	91
0	5416.443499531442	90
0	5417.048833986429	82
0	5417.654907220211	91
0	5418.057414164299	99
0	5419.28593904056	85
0	5419.751007381298	95
0	5420.053485163707	92
0	5422.071705582621	88
0	5423.67215308778	83
0	5429.7109755482	86
0	5430.848935427219	83
0	5433.780568192351	96
0	5435.7575238594	99
0	5439.91616790349	96
0	5440.522022287597	83
0	5451.038904076832	94
0	5455.026188495725	93
0	5457.031129006017	77
0	5458.529785103181	78
0	5462.129349576118	81
0	5462.313412374922	87
0	5462.96751485835	78
0	5468.020425971231	100
0	5470.456590357803	83
0	5470.805030818746	97
0	5472.989694749094	91
0	5474.970802953547	94
0	5475.181221723416	84
0	5479.636853721704	98
0	5482.665577186485	100
0	5487.574572728056	84
0	5487.765619865153	92
0	5488.471014427368	85
0	5491.155380309198	86
0	5496.428197234417	83
0	5502.494231694489	89
0	5507.383067375559	85
0	5520.319596173194	93
0	5524.515597904688	76
0	5526.735668077355	86
0	5532.132508806575	79
0	5532.573504684634	84
0	5533.248423393658	77
0	5540.592400391132	95
0	5546.819213683826	97
0	5548.464422641567	99
0	5552.378795517594	87
0	5552.903202309503	84
0	5557.488310154071	85
0	5559.00810460226	80
0	5561.030193537744	87
0	5567.028349063387	82
0	5567.980932792419	86
0	5568.09302287336	96
0	5573.717716242819	100
0	5578.435700799753	86
0	5579.203545541691	97
0	5580.785895092695	90
0	5585.619593102712	94
0	5592.12839362196	81
0	5592.266879402172	92
0	5593.768466567151	98
0	5594.29768241717	82
0	5597.943402747749	87
0	5598.044848844813	87
0	5598.806015280229	83
0	5605.22127761684	78
0	5607.490676631226	79
0	5615.181892629591	93
0	5615.186633282202	83
0	5617.140281985205	88
0	5619.525303221654	93
0	5624.388939045874	95
0	5627.749807224803	85
0	5632.507798620822	88
0	5632.921263394859	88
0	5635.684913760196	94
0	5639.656663380812	77
0	5644.428924017019	83
0	5661.377701627323	78
0	5662.117144125555	80
0	5664.451405531172	88
0	5664.467320104483	95
0	5669.48284981047	88
0	5673.617337884104	81
0	5675.291932093334	89
0	5678.152279996179	96
0	5680.10402155305	89
0	5681.17001557036	99
0	5684.161360289805	84
0	5686.897799503876	97
0	5691.855787092998	84
0	5694.653725174652	82
0	5696.285209907526	90
0	5699.6700970647	100
0	5703.54631978422	79
0	5706.378492662	85
0	5708.465010324265	95
0	5716.148416242937	96
0	5716.300444352188	79
0	5720.310530645376	84
0	5720.389677950844	98
0	5723.734535325686	83
0	5728.736132618854	98
0	5732.055344299571	85
0	5736.683921846574	96
0	5737.067490523864	89
0	5738.466618211092	90
0	5739.208757131491	97
0	5741.053921167982	86
0	5742.873583958123	97
0	5744.371169125981	89
0	5745.740260149366	91
0	5749.654783293463	84
0	5755.72399622754	99
0	5758.292756211089	85
0	5760.330134494348	91
0	5761.439806016499	90
0	5763.944149321001	98
0	5773.446341125072	84
0	5773.777731561868	91
0	5778.071154112566	80
0	5778.461186741064	87
0	5779.606436676303	92
0	5796.086773070329	92
0	5797.672885998045	91
0	5800.93206529666	90
0	5801.798602483502	86
0	5803.282926382819	99
0	5804.027188834636	93
0	5806.402879267939	99
0	5810.093588809972	94
0	5810.866244568338	100
0	5810.981413224797	100
0	5812.048116135638	87
0	5812.810901901444	92
0	5813.005609497659	81
0	5814.070490018376	85
0	5814.554433848053	93
0	5815.197934302886	88
0	5815.601878205341	85
0	5815.608889972814	98
0	5818.479497078922	86
0	5824.693461693679	86
0	5825.310239729137	94
0	5835.463106115875	87
0	5843.402084311555	86
0	5843.499408852345	91
0	5847.59917853522	86
0	5850.586253732852	87
0	5851.26724360103	88
0	5854.816818974614	80
0	5856.723461592698	82
0	5858.810023884669	81
0	5859.318931937891	100
0	5865.443133798814	82
0	5866.841703515301	95
0	5870.142736984633	83
0	5875.382458445014	87
0	5875.942946330668	99
0	5877.907037906172	88
0	5880.48249660724	89
0	5883.938964407245	87
0	5884.120851184848	90
0	5893.849413560214	92
0	5898.794275842156	83
0	5903.189444154889	100
0	5906.302982180673	88
0	5911.160296987725	88
0	5915.525861947025	91
0	5919.628825033232	89
0	5923.603316026712	89
0	5928.366892304272	92
0	5936.147972375029	90
0	5937.232437299041	84
0	5942.597032940366	93
0	5945.792564559641	93
0	5947.280329271415	89
0	5948.507808505314	93
0	5953.219382189004	89
0	5969.213493173339	89
0	5970.942281609828	85
0	5973.184249280202	94
0	6007.237180283656	94
0	6018.048575114269	94
0	6020.83568970403	90
0	6025.775483259581	95
0	6028.288608958261	84
0	6028.934693679193	95
0	6036.976715917994	95
0	6042.158279838984	96
0	6044.563837637298	96
0	6048.029165519235	91
0	6048.567099485117	88
0	6049.821900118598	89
0	6051.741643422713	85
0	6052.829161583251	90
0	6068.304690572833	95
0	6068.738167625747	92
0	6072.068413885127	97
0	6072.765914974017	97
0	6075.151203150559	93
0	6075.322142617392	92
0	6079.312862373445	96
0	6082.40866899225	96
0	6084.963960771969	90
0	6085.476572482656	96
0	6093.144912530638	86
0	6096.858539978402	97
0	6100.138584847085	86
0	6102.09222615346	91
0	6103.75908071909	94
0	6103.810251351042	95
0	6112.787745760213	97
0	6118.184198158282	87
0	6118.41901459665	98
0	6131.357935398268	91
0	6134.97221643712	96
0	6137.238055252281	93
0	6139.59409132221	98
0	6154.043978776477	94
0	6155.561571432213	99
0	6162.692883200386	95
0	6163.333401401093	87
0	6166.908026711058	94
0	6167.278947695657	91
0	6169.186782651163	97
0	6169.332822891858	88
0	6170.379056567659	90
0	6176.149997249966	100
0	6177.133197784803	92
0	6177.424287166536	93
0	6178.817441466616	98
0	6185.05224105334	98
0	6187.412396516461	92
0	6198.629686502363	98
0	6198.685466369035	89
0	6199.367452676945	91
0	6203.705584660723	92
0	6207.003250615963	99
0	6212.732523387457	88
0	6213.529765077359	90
0	6217.48580525945	99
0	6218.217808885533	99
0	6225.414441008494	95
0	6228.731379486928	90
0	6228.962577999509	100
0	6231.924813923879	99
0	6233.551395762056	100
0	6235.388227378003	93
0	6244.656194934002	94
0	6254.055697390282	97
0	6257.803208645085	96
0	6266.643092099006	96
0	6269.470921852692	97
0	6270.689744433405	98
0	6271.873109526793	97
0	6280.081113108053	99
0	6290.191066235014	91
0	6290.389362491261	100
0	6290.887370522945	92
0	6294.89696613447	92
0	6295.511587971301	98
0	6298.499326382369	89
0	6298.711897676141	94
0	6300.721247779918	100
0	6305.962930851762	95
0	6312.238469440936	93
0	6318.551530892966	99
0	6324.341044591525	100
0	6324.936348758611	93
0	6325.075827130165	98
0	6328.360123115274	99
0	6335.189985447544	94
0	6335.764893461311	91
0	6336.323016947534	90
0	6342.221963959133	96
0	6347.051188529888	95
0	6349.905565279786	96
0	6356.644433821617	93
0	6359.01847358074	94
0	6360.046903471741	95
0	6361.141214251002	100
0	6371.752193333767	96
0	6375.371526104717	97
0	6376.889525725688	94
0	6379.66384362354	100
0	6381.747048566524	97
0	6394.49335054977	97
0	6402.363748587822	98
0	6407.679869974349	98
0	6408.144315228365	98
0	6410.491217190406	95
0	6414.504225681989	99
0	6420.689610773539	99
0	6433.997304398275	99
0	6458.080341933663	100
0	6492.431260004949	92
0	6494.630389301939	100
0	6496.903014500435	91
0	6497.815188711768	92
0	6537.790039710641	95
0	6545.261705679181	93
0	6572.50965780698	93
0	6572.843248709944	94
0	6575.236447008366	94
0	6601.449048585362	95
0	6616.902123748579	100
0	6664.119024849192	96
0	6675.888356693567	95
0	6679.676306001798	96
0	6680.462474365865	97
0	6685.083161940264	97
0	6690.056580658561	96
0	6706.84291763139	98
0	6711.121732377314	98
0	6726.369897469812	99
0	6745.901430520212	100
0	6746.304923249784	97
0	6752.581341601654	96
0	6760.411657923591	98
0	6773.129229405735	99
0	6801.160289353788	97
0	6802.635682896989	99
0	6803.332811765325	100
0	6817.002215398173	100
0	6896.796050739511	98
0	7028.867791696966	99
0	7040.735670896832	100
