# computed vector file
version 2
vector 0  Net_Manet_AAM_Temp_TG.AAMDynamicNetworkConfigurator  merger(Nodes-CreationTime)  TV
0	2.488753724107	0
0	5.444305491371	0
0	7.666630375542	0
0	9.931024399137	1
0	10.973326046401	0
0	14.869309135989	0
0	16.423056672237	1
0	17.282966123854	1
0	18.84199350968	0
0	18.926455610371	0
0	19.101368450507	0
0	21.010637155943	0
0	21.909989123375	0
0	22.818285872597	0
0	23.050198577006	1
0	28.217956819405	2
0	29.037535219844	1
0	32.529503047012	0
0	33.400811155475	0
0	33.515282540138	2
0	33.776504602706	0
0	34.970809601704	1
0	36.685617600848	3
0	40.079383821311	0
0	41.406576583743	1
0	42.549746331622	2
0	42.578881047057	4
0	43.183850348401	0
0	45.278043869162	0
0	47.181470270857	2
0	48.117494747413	1
0	56.349379538591	0
0	56.738012523366	0
0	58.198769134895	0
0	58.515786777242	2
0	61.30422548871	3
0	62.062436375278	3
0	62.266522744889	4
0	66.272933711764	1
0	66.294450146394	1
0	66.473600750738	0
0	66.880307858646	0
0	67.043061395029	0
0	67.468490181776	3
0	68.8733363517	2
0	70.0249345157	0
0	72.736732621888	4
0	74.108824751884	0
0	74.382515164008	1
0	77.454821970331	5
0	80.671865683796	1
0	87.084275642464	2
0	87.122428859505	0
0	87.495774288962	3
0	89.261499209383	2
0	89.480646167516	2
0	92.732465844175	1
0	96.800752699036	1
0	101.540186429205	1
0	102.208286318754	1
0	102.976259390337	5
0	103.841255057804	5
0	104.288653449572	2
0	105.443680094097	2
0	106.131401576702	3
0	108.744896020109	3
0	110.895368387816	1
0	112.321369055342	0
0	112.438561624072	1
0	113.352598052185	1
0	113.418065964952	2
0	115.69990325782	0
0	116.426202642529	3
0	119.810738742942	4
0	120.938692306906	1
0	121.07020783742	4
0	125.568860692162	1
0	125.910293444685	2
0	128.301073747434	3
0	128.40915657613	6
0	133.673207143237	1
0	134.100574348935	2
0	135.998771638612	0
0	137.813447849268	4
0	137.985685611233	1
0	143.341905176505	2
0	144.401534413144	2
0	147.354104661955	2
0	147.59651763202	4
0	148.666751743214	6
0	148.857940679741	6
0	150.486647727599	7
0	151.823827781796	2
0	153.03549503886	3
0	155.328445848565	1
0	157.193322625878	2
0	158.493490966487	5
0	159.868631023132	1
0	159.911857212373	8
0	162.913664845222	4
0	168.968461329244	2
0	169.359933766834	7
0	172.046089481606	4
0	172.960272961043	2
0	173.451170986984	3
0	176.091015976708	1
0	177.743999646669	1
0	177.786224232009	3
0	178.387950115179	2
0	179.452563642323	3
0	180.307124961358	8
0	181.218042699844	3
0	182.666186083601	3
0	187.067468977384	5
0	189.503482194583	3
0	196.532189148075	9
0	197.199764214397	3
0	199.490794371273	5
0	202.078421202393	2
0	202.70564845493	2
0	203.069434117884	9
0	203.96746765209	4
0	205.830853120498	5
0	207.862623995706	4
0	209.376747815118	5
0	210.25305463974	6
0	211.484074877688	7
0	213.411901740713	5
0	216.94060777168	3
0	217.079794331908	7
0	218.32664247687	4
0	223.18971642538	6
0	223.715997602959	3
0	224.381040952316	6
0	224.47217711774	0
0	224.805726875107	3
0	227.039604951341	4
0	227.318382179981	5
0	229.09073636012	1
0	230.825531349814	4
0	232.749480120544	10
0	234.254324299781	3
0	238.865718313412	8
0	239.727473448056	1
0	240.102458209671	2
0	243.530800093604	5
0	244.53608438867	3
0	245.129251785114	5
0	246.235317639431	4
0	258.75662834644	6
0	259.172949370723	6
0	261.302513639372	2
0	262.382097266546	6
0	264.917308038796	3
0	269.292512223472	4
0	272.807918710643	5
0	275.336826385184	6
0	281.075582353275	2
0	281.550714719341	4
0	285.43233299539	6
0	288.334336983499	4
0	292.560559324555	7
0	292.569250046752	7
0	292.708634581751	8
0	293.014833991115	7
0	294.230267482694	4
0	294.608201592074	4
0	295.592252710365	11
0	296.877386272476	3
0	298.251237667027	1
0	301.263480189481	5
0	301.984970818487	6
0	303.463191843335	5
0	304.402730943633	9
0	307.740099855913	3
0	308.130558767748	6
0	310.160665457258	12
0	312.025703317459	3
0	316.318910377386	7
0	319.006898650165	2
0	325.158171134285	4
0	326.711161518109	5
0	329.162280323636	4
0	329.525692178747	4
0	329.569078851199	10
0	329.744982046498	13
0	331.455877208801	6
0	335.995814612998	2
0	338.942404312335	8
0	348.769725402236	2
0	350.424645673623	5
0	351.486001401638	7
0	353.322493278344	7
0	355.953512447816	14
0	355.98991731983	7
0	356.624877777187	8
0	357.668694353663	11
0	358.445956616126	4
0	361.65556792508	8
0	365.944115551375	6
0	366.590729573534	3
0	366.634189578661	9
0	376.993943647223	9
0	378.60314566229	10
0	380.973315013227	5
0	381.727560627637	5
0	382.116892199992	5
0	385.927238922373	7
0	387.91155028822	5
0	389.47495757624	6
0	391.55772019627	8
0	393.246661520089	6
0	395.128094269806	6
0	397.57322933867	7
0	403.01367344389	6
0	406.634927125074	7
0	409.475925297663	11
0	416.057388257746	10
0	416.310086725389	7
0	417.019634792335	4
0	419.106259508969	8
0	420.109519868166	4
0	422.087009879295	7
0	422.258623982581	8
0	423.137730834329	11
0	423.621441156952	15
0	423.708629483734	3
0	424.51266026414	7
0	424.946991248772	5
0	430.9310404297	9
0	434.8668602004	8
0	436.401079062092	8
0	436.641009179103	9
0	437.494382217716	9
0	441.225233142071	8
0	446.242407266342	8
0	450.112110742629	7
0	450.658177988532	6
0	451.714635572903	3
0	452.709882585715	5
0	457.559002332474	4
0	460.744866835131	10
0	462.63062581969	10
0	464.333026883986	16
0	464.723534868812	6
0	469.618880605487	5
0	472.347459331221	10
0	475.003189863738	9
0	475.259034145188	6
0	479.69136748971	11
0	480.270084357955	4
0	481.992939771125	5
0	489.518161476034	11
0	489.686032361886	7
0	490.441859072388	4
0	491.825933815691	8
0	492.010552247561	8
0	496.766021461697	9
0	499.207923626957	9
0	499.776420071027	5
0	500.342375686974	10
0	503.852519104138	6
0	505.570382412257	3
0	506.260494043406	10
0	512.251120881134	6
0	513.623543917066	8
0	515.588197010303	11
0	517.955312120574	17
0	519.466048489869	12
0	523.558689852323	13
0	523.969985846219	12
0	525.618232905891	9
0	526.138336259834	12
0	529.560744093933	13
0	531.531676378883	8
0	535.247052378075	9
0	535.719205185837	8
0	535.889558865795	11
0	537.701319342921	9
0	538.580763747767	12
0	543.204847816689	10
0	544.61181678165	7
0	545.616282639967	9
0	546.05288058628	7
0	547.716547892585	12
0	550.797429993562	6
0	556.093983671651	9
0	556.1048016562	10
0	556.892906074972	9
0	557.553419353262	11
0	562.320003867845	10
0	563.990092486534	7
0	567.779243311481	7
0	568.617170835693	12
0	569.704562382191	5
0	570.899629067798	11
0	571.705081514139	5
0	577.49457437488	12
0	577.9421440338	13
0	578.160647012594	10
0	580.849977853362	13
0	581.439048206871	12
0	585.943521048958	10
0	589.221198222338	8
0	589.703496278471	9
0	590.871009178569	14
0	594.68182367827	8
0	597.936189043315	11
0	602.137652417279	9
0	602.944662617922	9
0	604.188143018413	9
0	605.49981518834	10
0	609.978737692204	4
0	611.263922180115	15
0	611.354806931375	7
0	611.573850587957	14
0	616.406066572464	8
0	618.184917379605	13
0	620.207830741747	7
0	620.556061389613	14
0	634.272042462607	13
0	635.155192387132	11
0	638.104870488569	10
0	647.382026486967	10
0	647.61939142503	11
0	651.223158132407	10
0	653.243379623163	5
0	654.669699101062	8
0	654.980049355624	9
0	657.175276700983	14
0	659.475359535555	12
0	663.804554574461	14
0	664.674401212026	18
0	665.606119986252	14
0	666.13084903822	19
0	668.195293529005	10
0	669.445582707916	10
0	669.970781993202	8
0	669.988021294048	8
0	671.245352542937	13
0	672.194247906371	12
0	673.838948709642	12
0	676.209283847635	15
0	678.206487306911	16
0	678.948395193643	12
0	679.302702141295	9
0	680.214518711663	6
0	681.224507981976	9
0	686.096612651676	10
0	686.623372823986	13
0	695.39990729278	13
0	696.837758051544	7
0	696.884610062875	15
0	699.472918342212	14
0	703.982618214402	6
0	705.234774464917	8
0	705.668123117201	11
0	707.763065956904	12
0	710.639808273775	10
0	713.822596642572	6
0	713.823567233334	6
0	715.060929601679	11
0	715.264283706548	13
0	715.742022131655	16
0	719.163214845627	11
0	719.740329388081	11
0	721.804395414727	10
0	721.86722812531	13
0	723.357980988403	12
0	723.767890258534	11
0	729.602000090513	13
0	729.955466576349	14
0	732.385373551959	16
0	732.452416903355	14
0	733.59344987976	15
0	739.755609376235	12
0	739.807082794063	15
0	740.229376906457	11
0	740.575273028238	15
0	745.225270943692	13
0	746.17092252584	16
0	747.287106137869	14
0	749.495914266834	15
0	752.988875851462	9
0	753.232396011448	20
0	753.283928972799	10
0	757.435916775518	15
0	759.768264118595	10
0	761.118057197695	11
0	764.386708265177	11
0	767.44056606962	16
0	769.289610939426	7
0	773.854549908079	16
0	774.412399937169	7
0	776.513440192131	17
0	780.035659261504	12
0	781.182603542365	17
0	781.552191453344	18
0	781.678900780252	9
0	781.701836918513	13
0	782.534721451713	7
0	783.88451326627	8
0	789.833821441634	19
0	793.101156182893	10
0	796.710193370574	11
0	797.848052629063	8
0	799.742462067182	13
0	800.052980624523	12
0	802.335171148015	21
0	806.902773366124	16
0	807.902021442177	14
0	809.12755674612	15
0	809.619183641121	12
0	813.009783101908	15
0	817.175826230564	12
0	819.634211555624	16
0	821.730484991358	17
0	822.41285189854	17
0	822.817153541369	12
0	826.897639811204	15
0	827.569332065574	14
0	830.054598696118	16
0	833.639208979156	13
0	835.875667985794	18
0	836.682444981432	16
0	838.426713436844	12
0	840.537057303082	13
0	841.126497734391	18
0	842.33469441741	14
0	845.697251423258	17
0	848.147819868817	14
0	848.202742543858	14
0	849.331326374103	17
0	851.355776920245	15
0	852.178695615366	11
0	854.44145895837	13
0	856.80713748741	19
0	857.590606319459	8
0	858.894624724802	5
0	862.480692008534	11
0	864.497487032139	9
0	864.802559350209	19
0	865.344385850257	13
0	866.544832954085	18
0	866.973627173269	13
0	875.764010577158	11
0	877.324373199022	14
0	878.549947104347	20
0	882.879331939837	17
0	891.471131648128	16
0	891.773255399771	20
0	893.428209043417	17
0	893.469255065621	18
0	894.174151178588	15
0	894.990313490514	11
0	896.162144607981	14
0	896.946981485026	17
0	897.318925984728	9
0	897.410239940439	12
0	898.957751480236	16
0	902.261794425466	12
0	903.627392063763	21
0	907.870263037069	19
0	908.273527137158	10
0	910.341119833236	6
0	910.609725425947	9
0	914.011377219758	13
0	914.077345094186	13
0	914.665228363866	13
0	914.752693947057	14
0	915.30283189464	14
0	916.180452805019	18
0	916.462677334555	14
0	923.184788156184	7
0	924.41794565383	14
0	930.286221704034	18
0	931.947886419706	19
0	933.346656179639	20
0	934.402724363246	12
0	938.385645585173	15
0	942.571548810214	16
0	943.931704787751	17
0	945.099851922083	10
0	948.62512645033	15
0	952.762173071033	15
0	954.735903306787	15
0	954.87651898108	17
0	955.20845096854	15
0	955.947410982582	19
0	959.151578987119	10
0	961.873040715392	16
0	962.49700100119	16
0	963.849091874724	21
0	969.449029067855	21
0	970.574086823558	17
0	971.187428702281	19
0	971.506611531391	17
0	972.491883866757	16
0	973.981976072043	18
0	980.232991561203	17
0	981.758315595854	18
0	981.920721068721	12
0	981.925706901725	13
0	982.730460499846	16
0	984.394448233873	18
0	985.74623317349	22
0	992.219063912846	11
0	998.528750162472	17
0	1001.943091769552	19
0	1002.572236215918	20
0	1003.361329745587	14
0	1005.442495468484	20
0	1006.210254018046	20
0	1011.148158358489	15
0	1013.125962930125	23
0	1017.615496526423	15
0	1018.596013451212	20
0	1018.75944386299	17
0	1019.373592603145	18
0	1020.508454646465	22
0	1020.625151661714	18
0	1022.126409576793	19
0	1022.531148235523	18
0	1023.961003257829	17
0	1029.732588953303	20
0	1031.262191653473	19
0	1034.696964721472	14
0	1038.514178247001	23
0	1039.099649400019	11
0	1039.540421769859	12
0	1041.352139991871	16
0	1042.730149135181	13
0	1042.878277506622	11
0	1044.013424844444	21
0	1049.334240072596	13
0	1051.390410844063	21
0	1055.892900841681	8
0	1058.7304944999	14
0	1069.400245513523	24
0	1072.1411817692	22
0	1073.75760297919	17
0	1075.419154885239	21
0	1075.620363930156	16
0	1076.911026083948	17
0	1079.103667871774	19
0	1084.338175392106	21
0	1092.136339978656	15
0	1092.298558234147	18
0	1093.231484775266	12
0	1093.593247281736	22
0	1093.851458484162	19
0	1094.49308261509	13
0	1097.380414609938	19
0	1098.125501165426	18
0	1098.316967465421	22
0	1101.579231408789	25
0	1105.707315704466	22
0	1110.228172852706	18
0	1110.418995639683	18
0	1111.247974793925	14
0	1114.92536959797	14
0	1115.0395594191	21
0	1122.025571979605	15
0	1124.26159776622	15
0	1124.92601029349	23
0	1126.726383139274	22
0	1127.76283013111	19
0	1128.601579354255	22
0	1128.801759300083	20
0	1131.706162669633	23
0	1132.941900508306	18
0	1134.45890014775	15
0	1135.213889827782	12
0	1136.335279610053	19
0	1138.3324957212	16
0	1140.954014444679	21
0	1141.70263671616	16
0	1145.351440080963	23
0	1145.385281291263	17
0	1145.528265287091	20
0	1147.007718358339	16
0	1149.248918575101	17
0	1149.860429338677	26
0	1155.718247954093	24
0	1156.806582443384	20
0	1159.499434322478	19
0	1160.036692495748	17
0	1164.604743444594	18
0	1165.415770370084	20
0	1166.84843264711	15
0	1168.233330171727	20
0	1169.865152010249	27
0	1173.826275422029	24
0	1174.618139286773	18
0	1177.00476545602	21
0	1177.584711456718	16
0	1178.305774729663	19
0	1182.58717001662	16
0	1183.489021531765	19
0	1190.864959941619	16
0	1190.903124322255	21
0	1191.813337354101	28
0	1192.337069713742	21
0	1193.300148202982	20
0	1193.786051106611	25
0	1193.853522977202	26
0	1195.527864570921	14
0	1195.663572272105	15
0	1196.287758131745	21
0	1197.55321347728	24
0	1197.56916248894	25
0	1201.584648906566	18
0	1202.376523263292	21
0	1203.369649597304	20
0	1203.792875321458	17
0	1207.41646689227	17
0	1208.297674943577	16
0	1210.395972908515	20
0	1215.059396988252	27
0	1216.527241067504	22
0	1217.448482388495	18
0	1218.004326844357	21
0	1218.762439721467	26
0	1223.288956026548	19
0	1223.415392460689	20
0	1223.796413658785	17
0	1224.074485393175	20
0	1227.030623231186	15
0	1229.78390640637	22
0	1232.362807246446	20
0	1233.90051054468	21
0	1235.359603462455	23
0	1237.981584694225	18
0	1239.069755087315	22
0	1242.963331706531	22
0	1244.12356161667	21
0	1245.066707781028	22
0	1249.888647127379	24
0	1251.973282947036	13
0	1252.489274855925	17
0	1254.022352429384	28
0	1256.181697098163	19
0	1256.242339980727	23
0	1261.995329052187	18
0	1262.097560080489	18
0	1262.694750251415	29
0	1264.328752016423	25
0	1266.081847581962	20
0	1267.898020383795	9
0	1271.991652299414	25
0	1280.465351166954	16
0	1282.118976657699	26
0	1285.609012110838	23
0	1287.13589370718	19
0	1287.612839331749	22
0	1289.199924522613	23
0	1289.796332900267	23
0	1291.458338895345	18
0	1298.903336550714	19
0	1298.985651338555	20
0	1303.487298836083	29
0	1305.128555836007	14
0	1307.294400089165	20
0	1307.476091966384	24
0	1307.516641055132	26
0	1308.988959341049	25
0	1310.280323285755	19
0	1313.058142915801	17
0	1315.698026921953	30
0	1315.954193365664	15
0	1321.50972017231	27
0	1321.959095169435	19
0	1322.116363740913	22
0	1337.309753141673	28
0	1340.180402974624	24
0	1341.368919489189	24
0	1345.563074659759	19
0	1346.381991497638	27
0	1348.112221555571	30
0	1350.535769477916	31
0	1354.781662722959	21
0	1356.543880411471	20
0	1357.049329132289	23
0	1362.257454857451	19
0	1362.799057635374	20
0	1365.246158755287	23
0	1369.824175502024	32
0	1370.315239940301	22
0	1378.367799337441	31
0	1380.062062024178	33
0	1380.912275574119	29
0	1381.18475068293	27
0	1381.222057667571	32
0	1382.471470569509	21
0	1383.561632953375	23
0	1383.590606841484	25
0	1385.625371877331	10
0	1387.178863298538	21
0	1388.914697648733	28
0	1392.349955325554	26
0	1396.033891945445	22
0	1396.052914142747	16
0	1401.683109350829	11
0	1404.736077080646	26
0	1408.786990139904	27
0	1414.741298182228	21
0	1414.934146607106	22
0	1416.437064775242	34
0	1419.069807897536	29
0	1419.685347682865	21
0	1419.956116177029	24
0	1423.68376138968	23
0	1424.705060795675	24
0	1424.799751760469	20
0	1425.962132071896	21
0	1429.15657870936	28
0	1429.977402630258	21
0	1432.824105923526	22
0	1432.847342676768	22
0	1433.880651506373	22
0	1434.041187484666	28
0	1440.810359354761	24
0	1442.364763977196	24
0	1447.409794064059	27
0	1447.443954105272	25
0	1449.006820327908	22
0	1450.285174396025	23
0	1452.962409035378	20
0	1456.087738304931	17
0	1456.226710140455	25
0	1456.371421239475	25
0	1456.923099929445	25
0	1462.686389277235	29
0	1463.236012588102	21
0	1463.638270169556	35
0	1463.874578782484	26
0	1465.063526401657	28
0	1467.100578609106	22
0	1467.600336725034	23
0	1469.204390101565	25
0	1470.097405142951	30
0	1470.310224726853	24
0	1470.873991526806	23
0	1471.306618110749	24
0	1472.013476939421	23
0	1473.97159789294	24
0	1474.490841346385	33
0	1476.188208764404	31
0	1477.235195677662	22
0	1484.356296830072	22
0	1485.720324650198	27
0	1485.75293989886	28
0	1488.221766933021	32
0	1488.892263940072	24
0	1492.821698624963	21
0	1495.220382142306	22
0	1496.381945950612	33
0	1496.795791401113	26
0	1497.642574089616	23
0	1498.08135454218	34
0	1500.238074950114	24
0	1506.334675041398	23
0	1506.53890646469	25
0	1512.256300577844	25
0	1516.390248268863	23
0	1516.957689156892	24
0	1518.720218527892	24
0	1519.62589438698	25
0	1521.231258439131	26
0	1522.252248841561	23
0	1523.065648182049	18
0	1524.107443377909	12
0	1524.307426775217	19
0	1524.665474049636	24
0	1525.590385367463	26
0	1525.709883386623	13
0	1527.535207194567	24
0	1528.966019466586	24
0	1530.608401772115	35
0	1532.104042568957	25
0	1532.265249336958	25
0	1537.289432207777	34
0	1539.612333047101	23
0	1542.643618000512	26
0	1543.23667940737	18
0	1545.509969216845	26
0	1548.684383721975	36
0	1552.553450367004	23
0	1553.054613264425	30
0	1561.71972199113	36
0	1561.883753020843	27
0	1562.004234898974	22
0	1563.306573637936	23
0	1563.979916856343	24
0	1567.298679955542	25
0	1567.377799721952	26
0	1568.903387348781	30
0	1570.761659368494	25
0	1571.042082153145	37
0	1572.264669076541	27
0	1572.631698685756	27
0	1574.14339075777	25
0	1577.504598701195	29
0	1581.889508895474	31
0	1582.032468956162	31
0	1582.114206256458	26
0	1582.204417823282	26
0	1591.769772073821	25
0	1591.780647806149	35
0	1592.165208102922	38
0	1592.351720878962	26
0	1592.421043891762	14
0	1592.992927838215	27
0	1593.946942523938	25
0	1594.079550816506	24
0	1600.76461216829	26
0	1600.769376207708	27
0	1601.980380102103	39
0	1602.403312967088	26
0	1604.853799028635	28
0	1608.91212076307	29
0	1611.89546749466	19
0	1612.694117531742	27
0	1614.91101508271	28
0	1616.850577596656	28
0	1620.985514584181	32
0	1623.174408387138	25
0	1625.5845447656	29
0	1626.632303862275	27
0	1627.545724385144	30
0	1628.34314418905	25
0	1632.033890485715	32
0	1635.892416189224	28
0	1638.214871649745	31
0	1639.617953306502	37
0	1640.357828938613	26
0	1641.830830821182	36
0	1642.548060884143	27
0	1643.813833049953	26
0	1644.963057272785	29
0	1646.282292039009	26
0	1649.327835653576	27
0	1649.700013627658	23
0	1651.298426159798	33
0	1654.633857609587	28
0	1657.202765628095	37
0	1661.299237357198	28
0	1664.502684916506	29
0	1667.621791618235	40
0	1667.766666606997	29
0	1671.031338361297	41
0	1672.251780217562	38
0	1675.341599697384	27
0	1678.839245459409	30
0	1679.038252806951	39
0	1681.359917797532	28
0	1688.684645346193	24
0	1689.620161146687	34
0	1690.560881187704	29
0	1691.223161655089	26
0	1691.226971602499	27
0	1695.827823900922	29
0	1696.645099877108	32
0	1698.044622246229	35
0	1701.040729758478	33
0	1707.948507826172	23
0	1708.963682507498	28
0	1712.527361567345	27
0	1713.920353149953	30
0	1714.367815045671	30
0	1714.772747367198	42
0	1715.249100713451	31
0	1716.373739562932	29
0	1717.247313919069	34
0	1720.57626998929	26
0	1720.706843396426	36
0	1723.791605998601	20
0	1724.347815403242	30
0	1725.96491681465	28
0	1734.843052670812	20
0	1735.351111266978	32
0	1741.231901352559	33
0	1741.70151698807	38
0	1742.291006945027	21
0	1746.451058186858	24
0	1758.780570636612	34
0	1759.310337922738	30
0	1763.649953577899	39
0	1764.557893512931	27
0	1766.160731286001	27
0	1766.567879053015	40
0	1767.431347033225	31
0	1767.614397088543	15
0	1775.01582971091	31
0	1776.673439316683	31
0	1781.06285539687	30
0	1781.499119563347	41
0	1781.520790734792	40
0	1785.769425094183	25
0	1786.489292759088	32
0	1789.700298797268	35
0	1790.73155406104	43
0	1791.360800406092	28
0	1793.870161253419	28
0	1796.579268110662	41
0	1800.93669747105	29
0	1807.603718011173	21
0	1809.103997052686	31
0	1811.64108432376	22
0	1820.55648478979	27
0	1824.006808798741	37
0	1826.657449317126	38
0	1830.313319982418	39
0	1833.165819373027	42
0	1834.198747155378	33
0	1835.842207034252	32
0	1839.518876179216	24
0	1840.778584169914	29
0	1842.765431610549	25
0	1842.889825075732	31
0	1850.031297971337	25
0	1853.295917276172	27
0	1853.452535165667	29
0	1854.222858266074	28
0	1854.934149382392	28
0	1856.086631785893	29
0	1858.996761285481	43
0	1861.357058040468	33
0	1861.713973970347	32
0	1863.277965410458	29
0	1863.528336641127	23
0	1863.893995948699	35
0	1864.594258329723	16
0	1868.356617764648	29
0	1869.601884405534	30
0	1870.019391180325	44
0	1872.271207553099	32
0	1875.720907546607	33
0	1875.959675302732	44
0	1880.291083788976	29
0	1883.102901731651	30
0	1884.480041514871	24
0	1886.565276474081	26
0	1887.704891086238	36
0	1888.804945299983	28
0	1889.923745739476	26
0	1891.678101942414	30
0	1895.919251645263	29
0	1896.705247320421	45
0	1901.534497057528	30
0	1902.918776432135	30
0	1907.862135499219	45
0	1908.35792023865	46
0	1914.080649857042	40
0	1914.316108178125	31
0	1914.625797904706	25
0	1921.654644386546	47
0	1924.453001685316	30
0	1924.588822151756	30
0	1926.070355746867	30
0	1926.69353924665	27
0	1927.432993143536	41
0	1928.056154202688	34
0	1928.990045290858	33
0	1930.054404766953	28
0	1930.711374130777	42
0	1933.023710166527	34
0	1935.000915294197	26
0	1935.34392307775	46
0	1935.724489294711	32
0	1937.318984489879	31
0	1939.102858619697	35
0	1939.605556104103	26
0	1940.850324133936	31
0	1941.08995561123	34
0	1945.008075349844	31
0	1945.527008531811	32
0	1948.863420831809	47
0	1950.695198826887	28
0	1960.169936053021	43
0	1964.530779285739	28
0	1964.761609971049	48
0	1966.980501879398	33
0	1972.573200417137	36
0	1973.257516171762	29
0	1973.343341860318	27
0	1974.187362179771	27
0	1974.45263959092	42
0	1974.515408169554	31
0	1976.075799143395	35
0	1976.741323681705	27
0	1979.10111051925	30
0	1981.462895811219	33
0	1986.806144285894	48
0	1990.308557246348	34
0	1995.267874799429	37
0	1997.275458463941	29
0	2000.227572481006	31
0	2002.413705968543	35
0	2004.608486075316	38
0	2006.828807041044	36
0	2010.629679325438	22
0	2017.445762868066	17
0	2018.080595321278	31
0	2020.839188953093	28
0	2023.032048342758	28
0	2024.293810763311	29
0	2030.981711559036	32
0	2032.13323388389	33
0	2033.449749694213	23
0	2034.615718794431	30
0	2036.210688389749	44
0	2037.051312663467	31
0	2041.406312089188	34
0	2041.642393831166	37
0	2048.173045192126	49
0	2049.823320671888	31
0	2051.020682750398	31
0	2056.610742431971	18
0	2056.918120473725	38
0	2060.365460809545	43
0	2068.573064899736	29
0	2070.783886269608	34
0	2071.562346363859	49
0	2071.954599094955	35
0	2072.611799577196	34
0	2073.36208786795	30
0	2074.106752441809	32
0	2077.497085156906	19
0	2077.89875905689	36
0	2077.903065720656	28
0	2079.049169576784	32
0	2081.026166819902	36
0	2082.961276728335	31
0	2084.729302718115	35
0	2087.646502916346	33
0	2089.079372498555	32
0	2089.877556707612	37
0	2093.630982979997	32
0	2096.561207673587	30
0	2097.984597545947	35
0	2101.607294473168	32
0	2101.877226065388	30
0	2102.267001655698	38
0	2102.345956967242	39
0	2103.078816567036	37
0	2104.167122513154	32
0	2107.653409678384	29
0	2111.831347392503	29
0	2111.898211937684	50
0	2114.558989965004	31
0	2115.177322490136	37
0	2120.488602913336	33
0	2121.240906787938	30
0	2121.860160446522	38
0	2123.782321714297	24
0	2129.643919868727	32
0	2129.957033386673	31
0	2132.36233794734	40
0	2134.094589278806	25
0	2135.622844362163	26
0	2138.374708793533	39
0	2139.261218944963	20
0	2140.276327105936	33
0	2143.841359307004	34
0	2144.604210182994	33
0	2147.817526193458	44
0	2149.238175694814	40
0	2150.172225393336	21
0	2151.366527194155	31
0	2151.489061017108	51
0	2153.792054337934	34
0	2155.744807703991	38
0	2157.082252530624	39
0	2166.263895191773	50
0	2166.692749901716	30
0	2177.880654701997	34
0	2179.563652388577	39
0	2179.987683895116	30
0	2180.182278817524	32
0	2185.646112321737	32
0	2186.239464663478	39
0	2187.5401484614	31
0	2196.154231918259	22
0	2198.42722974645	36
0	2199.572695897859	40
0	2200.31367647932	32
0	2201.503777159741	45
0	2202.753573971872	46
0	2205.80121569898	33
0	2206.687802756143	33
0	2212.942781729508	40
0	2216.622443418279	51
0	2216.839958912194	35
0	2217.098503571247	33
0	2219.067998357561	33
0	2220.995263493203	27
0	2222.306343925864	35
0	2226.347790430562	23
0	2229.744754280975	35
0	2232.399058745713	36
0	2232.698711974801	31
0	2236.924544360208	24
0	2238.434215452804	36
0	2239.722954758821	32
0	2242.75919966114	41
0	2244.288539494057	34
0	2245.13843427843	41
0	2246.01726826573	52
0	2246.827881061589	42
0	2247.008920994643	37
0	2247.557102859002	37
0	2259.007264748416	40
0	2264.053810594818	32
0	2264.775536696283	35
0	2269.936519798173	38
0	2270.384447002963	34
0	2272.039948674654	39
0	2273.677854371601	52
0	2274.146848891261	36
0	2276.43964393605	45
0	2276.51022979969	33
0	2278.833537811822	53
0	2279.807601928168	25
0	2282.751182690603	38
0	2282.762770105713	54
0	2283.433556107114	37
0	2286.582093894457	33
0	2286.688662665355	34
0	2288.237819075987	53
0	2288.678033235601	42
0	2289.362440795152	36
0	2302.026535568479	32
0	2303.673439964983	33
0	2306.610529704581	41
0	2306.751380831998	34
0	2308.492752453497	35
0	2309.442962365386	33
0	2309.885336172468	43
0	2310.438173150322	36
0	2310.679382428862	32
0	2313.371321985974	44
0	2322.497274919514	33
0	2324.38948632772	33
0	2324.421223408553	34
0	2324.609608364208	34
0	2325.33972305577	33
0	2327.217429100519	39
0	2327.872354418468	40
0	2328.685300058286	26
0	2330.010053611831	55
0	2331.918047271455	43
0	2334.765618916125	34
0	2335.216960279856	37
0	2339.225826982113	34
0	2339.462603277286	41
0	2344.18994282599	35
0	2345.232641600101	38
0	2346.535118032196	35
0	2346.864523756651	35
0	2350.778687363627	27
0	2353.088374907044	38
0	2353.509163172964	54
0	2356.351230293961	40
0	2356.434070084074	56
0	2359.183614975483	39
0	2365.974716312542	44
0	2366.753507280862	34
0	2366.82094397866	57
0	2368.504811249792	45
0	2369.197202172433	37
0	2370.206864676292	46
0	2373.235152265043	38
0	2373.505779775932	28
0	2377.678994758297	34
0	2379.94902764206	35
0	2380.932894144146	45
0	2382.862077384537	55
0	2386.962775588299	35
0	2394.472369219523	46
0	2398.399091772745	36
0	2404.235303256009	41
0	2405.826333728731	34
0	2407.787472392319	37
0	2412.022452279199	47
0	2413.615455924008	58
0	2416.520180193261	48
0	2418.28303502797	36
0	2419.693746607994	36
0	2423.011934554505	35
0	2423.208309084821	36
0	2424.398044761618	34
0	2426.524231800689	47
0	2431.652690497614	40
0	2432.052179358454	35
0	2433.212855096337	36
0	2434.106897198263	36
0	2435.763486457105	48
0	2439.160796420211	41
0	2439.627338673935	41
0	2439.826516395667	56
0	2440.98507538207	42
0	2442.09899402467	35
0	2442.496108279925	42
0	2443.463205697628	39
0	2444.044508210533	41
0	2451.164437542548	42
0	2451.903104062493	36
0	2452.684456297259	49
0	2453.341732207777	37
0	2455.51148904812	46
0	2459.259044844318	36
0	2459.871311775254	35
0	2462.327215239907	37
0	2466.168334278365	42
0	2471.28034950313	36
0	2472.056570598295	47
0	2473.772610794491	43
0	2474.229179134954	35
0	2475.82154033763	29
0	2481.377510239779	59
0	2484.865136829831	36
0	2485.742971442933	43
0	2486.478204886247	37
0	2488.392852319754	37
0	2491.686641233394	37
0	2499.940496065544	37
0	2500.055782862478	38
0	2502.718212886442	49
0	2503.090618922596	40
0	2503.362297102984	42
0	2504.050252409766	37
0	2506.21411918496	37
0	2507.572350967558	30
0	2510.888476852718	38
0	2511.172473986309	44
0	2514.966551018248	39
0	2517.362910365173	50
0	2518.185314985879	38
0	2521.841800922419	43
0	2523.535848993342	41
0	2524.524300798005	48
0	2526.327990093073	50
0	2527.529640767934	28
0	2528.060446648477	38
0	2532.50894911706	43
0	2532.925166096062	31
0	2533.012127717801	43
0	2533.895946578749	44
0	2534.513759503475	57
0	2535.035682112046	44
0	2535.521541044725	38
0	2538.801110798116	42
0	2545.40129174631	44
0	2545.546410233545	32
0	2549.671850942494	38
0	2550.030562913223	51
0	2551.53035081895	39
0	2552.450351512618	35
0	2553.316902779198	52
0	2553.665549177551	47
0	2554.377032911001	48
0	2559.403536788683	53
0	2559.530179105956	40
0	2560.026043327308	38
0	2561.211406570579	29
0	2564.849643955359	41
0	2565.467926447391	39
0	2566.292525432141	39
0	2568.580264451878	33
0	2569.497307499421	45
0	2570.055507549928	40
0	2573.233260125175	36
0	2577.492920008794	37
0	2578.345092186371	45
0	2579.068373133037	38
0	2579.435485609559	60
0	2579.881025349534	40
0	2580.246252250481	36
0	2581.66048909811	41
0	2582.270337006173	34
0	2583.240132551437	45
0	2584.226057335001	40
0	2585.579023965949	37
0	2587.001414341672	61
0	2588.242556033814	43
0	2589.374463523003	35
0	2589.593370074251	46
0	2592.69385344435	42
0	2594.471504938824	39
0	2595.380222505285	39
0	2597.597258182955	39
0	2598.621431673962	49
0	2602.146784663806	62
0	2603.063131375695	36
0	2603.346771718458	47
0	2606.878083775561	37
0	2608.479489486424	41
0	2609.94584144329	45
0	2610.649757762213	38
0	2612.87954734171	40
0	2614.401002038589	37
0	2623.555170836276	38
0	2625.606303861761	40
0	2628.71915262323	54
0	2633.26789580391	46
0	2637.47358902243	63
0	2637.862285213021	39
0	2638.125901998046	49
0	2642.887392205407	48
0	2644.47675323167	47
0	2647.735483727626	42
0	2649.494359341039	39
0	2650.99250077439	43
0	2651.517736789099	44
0	2655.417666340538	50
0	2659.049558203161	37
0	2663.260470079909	41
0	2666.099889747059	46
0	2666.208118770696	51
0	2667.879115922815	39
0	2670.711300959932	40
0	2670.953723050752	40
0	2674.933850275252	38
0	2678.117500994448	38
0	2681.058752262903	30
0	2681.50510183648	41
0	2683.378237981798	49
0	2685.952031201552	47
0	2687.059821248202	44
0	2691.694637624122	42
0	2691.756608603262	38
0	2692.159964581183	38
0	2693.645094691523	39
0	2694.146881352583	39
0	2695.036399748833	55
0	2695.663958979648	48
0	2700.59983075819	40
0	2709.082356769022	36
0	2713.236307389329	43
0	2713.28073426149	40
0	2714.34362282733	37
0	2718.557006265236	39
0	2722.646451139876	41
0	2724.448251598988	41
0	2724.459030181456	38
0	2728.112488688778	42
0	2730.185618970641	56
0	2730.827694309145	39
0	2731.075251326712	42
0	2736.429602086537	39
0	2737.191114016223	40
0	2739.565495595408	41
0	2740.44723746269	50
0	2741.057283673245	42
0	2743.146371724495	40
0	2744.494613239665	45
0	2748.214641843324	41
0	2750.335743007853	50
0	2753.555803324229	42
0	2754.553023159144	42
0	2761.571793066821	43
0	2765.514792980134	52
0	2768.396909183711	51
0	2769.713822528265	43
0	2770.921829907138	44
0	2774.844315059922	43
0	2775.280314938167	41
0	2775.584854358323	48
0	2777.105256286193	42
0	2777.248561634865	45
0	2781.716155728849	44
0	2786.196600649041	41
0	2787.400663014698	31
0	2787.410985074268	45
0	2792.498832883783	40
0	2792.552195932419	44
0	2795.340920668085	41
0	2799.000353671284	51
0	2799.29814545469	39
0	2799.936928325655	46
0	2800.689877106723	44
0	2802.602021863217	43
0	2807.175459806905	42
0	2811.760000182005	44
0	2813.781997060035	42
0	2815.435487075184	45
0	2816.166939551515	58
0	2818.037649526684	43
0	2820.864715664164	42
0	2823.197805087237	52
0	2826.856383785826	46
0	2829.298660571463	43
0	2829.333440492222	46
0	2830.109099606441	46
0	2832.218818189186	43
0	2833.983893257594	49
0	2835.813379760152	57
0	2836.220987762694	64
0	2836.677129906992	43
0	2837.1199835179	47
0	2838.869157471439	48
0	2839.514048513913	45
0	2844.591015111014	44
0	2845.803032759277	44
0	2846.270187980575	53
0	2847.028619992842	42
0	2849.718473590066	50
0	2850.180543362282	45
0	2853.444843485753	46
0	2854.406667766593	43
0	2854.879866652228	43
0	2856.959298501465	44
0	2858.227628954669	44
0	2861.425361954188	32
0	2861.691556815428	40
0	2863.134540865338	49
0	2868.217571170633	59
0	2871.629499434484	47
0	2873.034890513268	44
0	2873.679652406971	58
0	2875.852456413745	60
0	2877.665969341449	53
0	2878.267363252553	45
0	2880.37690773939	45
0	2881.386398592766	46
0	2884.115388325653	43
0	2885.890782064744	46
0	2886.478070638967	61
0	2888.752285140738	40
0	2889.137232314462	50
0	2889.675936328042	47
0	2895.481090283352	54
0	2896.127982221627	62
0	2901.170025528874	55
0	2903.844933366873	45
0	2904.568688689043	44
0	2907.475686226907	46
0	2908.21468713337	54
0	2908.387140418152	51
0	2908.949763249951	51
0	2911.01148182632	33
0	2913.62543826527	45
0	2913.633163977121	40
0	2916.167777109374	51
0	2920.252730632397	41
0	2921.022509622612	44
0	2925.693217837793	56
0	2926.209988432377	47
0	2927.234030751953	45
0	2927.59635816557	41
0	2930.808958186005	59
0	2931.25523821218	47
0	2931.406216846152	42
0	2933.886304656114	45
0	2934.890570235355	47
0	2935.344854366883	46
0	2936.364521124114	43
0	2936.703023910282	55
0	2936.98400754811	48
0	2937.162155850738	52
0	2940.24665104092	42
0	2942.151265460392	34
0	2943.661277258316	41
0	2945.910836142667	45
0	2947.1537494103	57
0	2949.657879437182	52
0	2954.48972239304	43
0	2960.795396051654	49
0	2964.077486493399	47
0	2967.566961301112	65
0	2968.517008174164	63
0	2969.002952317366	46
0	2969.875009917334	56
0	2972.177361086817	48
0	2972.426729957407	52
0	2975.680005612924	57
0	2976.506925381643	41
0	2977.194006015853	44
0	2978.932093963009	58
0	2980.538414311629	44
0	2981.180215636692	46
0	2983.256352217454	42
0	2984.08364745569	48
0	2984.742493126133	45
0	2985.328814436089	49
0	2985.392214933487	48
0	2986.193334730557	59
0	2986.693361718385	43
0	2987.23975293667	48
0	2987.76894585607	46
0	2987.84850219897	53
0	2988.594347469018	53
0	2990.053062135191	50
0	2990.991504927141	60
0	2995.724770200934	60
0	3000.942607906506	44
0	3007.717338166464	58
0	3008.962675136695	53
0	3010.687584503071	48
0	3011.286782397187	49
0	3013.978537161912	47
0	3014.003715733549	46
0	3014.326636261354	54
0	3019.395603147379	49
0	3023.826406066887	45
0	3024.226516251377	49
0	3024.617321987214	50
0	3026.24753668127	51
0	3033.722752249323	42
0	3034.891986484992	50
0	3037.258695303139	47
0	3041.658643070642	55
0	3044.315375419657	51
0	3045.742225504325	49
0	3047.22298629461	46
0	3047.685580382103	49
0	3048.783018644754	35
0	3050.548661124533	47
0	3050.836374019146	54
0	3057.585126132858	50
0	3061.079146433539	56
0	3063.577687364467	36
0	3065.191570568724	48
0	3069.295753367574	66
0	3069.789326230994	52
0	3071.294258903248	59
0	3071.369260175335	55
0	3074.524634982014	54
0	3078.353665760403	47
0	3078.450393062109	44
0	3080.799794827916	48
0	3081.491859484637	50
0	3082.056222195886	51
0	3082.372509341978	48
0	3083.263629118034	64
0	3088.731266192752	48
0	3090.883536828563	47
0	3096.845295675971	61
0	3099.810361501803	45
0	3102.480159886489	45
0	3105.938160529878	51
0	3107.156774088974	46
0	3108.226987998412	52
0	3108.421664702803	52
0	3108.606203349506	52
0	3109.304124423165	53
0	3111.55964778092	51
0	3112.855088748965	52
0	3113.166839529892	54
0	3115.611652905456	49
0	3117.66259526314	45
0	3120.419252248948	46
0	3124.328334542988	50
0	3125.466448695053	51
0	3127.563169213451	53
0	3131.058527558438	47
0	3132.534937984907	48
0	3135.918525401395	48
0	3136.060297860802	46
0	3139.274519559329	55
0	3139.890624625321	46
0	3147.7168247081	56
0	3148.972697335656	52
0	3149.684072398569	53
0	3151.236672557	47
0	3151.855473294556	49
0	3153.061793426265	54
0	3155.416939940949	53
0	3155.828255418841	50
0	3159.334944530574	46
0	3163.002684561958	47
0	3164.121072610119	60
0	3164.55451917405	47
0	3165.047895163605	67
0	3170.258317292346	57
0	3171.471471348506	49
0	3174.221661368515	47
0	3177.28963195911	52
0	3181.471446580198	49
0	3185.20272686049	50
0	3188.869859644228	68
0	3191.904887993868	55
0	3192.486790688959	57
0	3193.093838306659	69
0	3194.907551852812	51
0	3197.596171559339	43
0	3198.127658443323	54
0	3199.850983870255	47
0	3205.355623180519	47
0	3205.748567311877	58
0	3206.655553679601	53
0	3209.494502505887	48
0	3211.902208316722	62
0	3213.08618454664	61
0	3213.09780291149	44
0	3214.784103554775	63
0	3216.383743046358	54
0	3220.018571496278	45
0	3220.30615596767	52
0	3225.456142956521	54
0	3226.081723024346	48
0	3230.050933318112	70
0	3234.160778546811	55
0	3249.100228653394	61
0	3249.571868906573	64
0	3249.843282283207	58
0	3250.882471955142	50
0	3251.715040596717	50
0	3252.329609112189	48
0	3254.204724970208	56
0	3254.497612451084	51
0	3258.473392258116	49
0	3259.954212725635	46
0	3261.250459192137	55
0	3262.761585876905	48
0	3269.666176779202	51
0	3270.84733017508	49
0	3272.468743088708	47
0	3273.203543676855	55
0	3273.212570219692	49
0	3273.23815345299	48
0	3273.38291342345	56
0	3276.864445597055	49
0	3280.100029235832	48
0	3280.540641101763	53
0	3283.643382604556	65
0	3284.704020108757	53
0	3286.249721544918	52
0	3288.100959852301	62
0	3288.290059601343	56
0	3290.431608698762	53
0	3293.577334355825	59
0	3294.946717671782	57
0	3296.040537825009	58
0	3298.998848799096	59
0	3301.708992904514	49
0	3302.687388938756	50
0	3306.894840024986	56
0	3307.725070797398	54
0	3308.627922333428	65
0	3315.025062177942	63
0	3315.927998540077	49
0	3316.377575088966	57
0	3316.428400407475	64
0	3316.431310249037	66
0	3319.364749128262	62
0	3321.982929318748	55
0	3322.518699672342	49
0	3326.386348405562	66
0	3326.704711220439	52
0	3326.778730793033	57
0	3329.179630868881	51
0	3331.726155099002	65
0	3337.388363052479	53
0	3340.140502922217	56
0	3345.840104908017	50
0	3345.862938243437	57
0	3348.394190292062	51
0	3349.891115030356	58
0	3350.201601848909	59
0	3352.114905950259	54
0	3354.493583445959	66
0	3356.756402649354	50
0	3357.573305443249	50
0	3358.328012056523	60
0	3359.401807616832	59
0	3361.59940097502	52
0	3363.073004915571	61
0	3364.020785584403	67
0	3367.40524197181	51
0	3367.976182924578	67
0	3368.693552119324	56
0	3371.24086275508	48
0	3373.836166334815	54
0	3375.176361201915	58
0	3377.379835831487	52
0	3377.628370153431	50
0	3379.058131896928	55
0	3382.577557400419	53
0	3382.674224980491	68
0	3382.736820952367	56
0	3385.7986808961	67
0	3393.390134906402	60
0	3395.188818287483	50
0	3398.174351938685	49
0	3398.508089600692	54
0	3398.595623905016	63
0	3400.63959147793	61
0	3404.095246039234	51
0	3410.728489554445	37
0	3410.89783584217	55
0	3416.932496947247	64
0	3419.534216177059	62
0	3421.806984318661	52
0	3424.376900441514	71
0	3424.445539882923	65
0	3424.512789680781	55
0	3424.897476525728	50
0	3425.13825945485	66
0	3431.000397331958	54
0	3432.234796430164	53
0	3433.492116619322	51
0	3435.250019038851	60
0	3435.436448511453	68
0	3437.938863930912	53
0	3442.33085778089	49
0	3442.967500172714	68
0	3443.027544763588	62
0	3444.039180915753	38
0	3446.521248308292	57
0	3448.126048463292	57
0	3450.525765325823	63
0	3452.752925418539	54
0	3456.710167035513	67
0	3464.441379488407	64
0	3465.114461061011	51
0	3468.299218276645	39
0	3469.117947198755	57
0	3469.998786871658	50
0	3472.731761102649	52
0	3473.355619122909	53
0	3473.409292429556	69
0	3475.498293882859	55
0	3479.698750426391	52
0	3483.046358022418	56
0	3483.659354971941	60
0	3484.695766144275	56
0	3485.202155298202	63
0	3487.066829099261	55
0	3503.213593799202	58
0	3506.271548850561	61
0	3509.733041491903	50
0	3509.933515527595	58
0	3510.806294641431	72
0	3514.766780346755	53
0	3514.849503273404	69
0	3517.306343677791	61
0	3518.147654270525	62
0	3525.423194258738	40
0	3527.793125140581	54
0	3528.654287160866	54
0	3531.148341660033	41
0	3531.529476833143	58
0	3533.099485663076	51
0	3536.364204142003	57
0	3537.463822705337	50
0	3545.229360371147	68
0	3545.61820889323	69
0	3546.406670752286	51
0	3547.851262478576	59
0	3550.444888321004	59
0	3550.524726743421	58
0	3550.78387629963	51
0	3554.293298243564	57
0	3554.582697975829	70
0	3555.621277326857	59
0	3556.146360566922	70
0	3562.091076150177	69
0	3565.388399167959	55
0	3567.892428397838	71
0	3569.153307434962	63
0	3569.405240185318	59
0	3569.405962472231	60
0	3569.560076004923	56
0	3570.261199047889	52
0	3574.844312476269	62
0	3574.96620910774	71
0	3575.394813765719	73
0	3576.963979895695	61
0	3577.350027198301	52
0	3578.392451168101	64
0	3578.476084759016	74
0	3581.525089071861	54
0	3582.086036891725	64
0	3585.049344494167	51
0	3585.275830477	53
0	3586.038718119855	65
0	3586.100558926747	55
0	3586.819791248046	52
0	3587.067664199134	60
0	3587.492567637968	56
0	3590.915792959662	56
0	3593.983686237546	62
0	3595.458905758318	55
0	3595.495201785916	53
0	3597.77434963403	65
0	3598.119153481141	58
0	3601.078704810234	63
0	3602.365560046176	54
0	3603.006472457445	66
0	3603.797824886857	56
0	3604.550350470529	55
0	3608.909325820004	57
0	3614.884788247038	56
0	3619.351302708367	57
0	3625.54905276826	53
0	3629.844794053866	54
0	3630.470336168065	57
0	3630.720264225975	58
0	3631.404851578835	72
0	3632.71511367313	54
0	3634.290897587635	53
0	3637.187642637713	57
0	3639.187634548104	67
0	3642.081111769391	57
0	3643.838945015058	58
0	3645.074426130049	59
0	3646.034207285745	54
0	3646.051787764832	58
0	3646.923403035198	58
0	3647.044976786291	66
0	3647.939231401182	60
0	3652.105963690188	73
0	3654.378930180141	59
0	3654.592327992648	75
0	3655.264556337964	72
0	3658.660283550816	61
0	3662.317405573671	55
0	3663.706676115652	70
0	3665.746695391647	74
0	3667.796573542798	59
0	3668.152503417433	65
0	3669.474150247007	56
0	3673.392721451779	60
0	3675.556628890284	60
0	3675.814886229393	64
0	3676.167877483578	51
0	3677.744537308239	58
0	3678.073943883612	55
0	3678.154536125463	52
0	3680.580869221163	63
0	3680.964355711135	55
0	3686.197295933826	67
0	3686.730574100595	68
0	3687.586064931427	60
0	3688.904725411778	58
0	3690.467089205525	68
0	3690.467734803011	64
0	3691.977606834181	59
0	3694.235931326196	61
0	3701.223271687698	60
0	3702.461346014884	75
0	3703.273667930258	59
0	3707.257827545139	59
0	3707.854460211972	56
0	3708.30876594993	55
0	3712.853106804095	69
0	3714.863162176019	42
0	3716.272263269172	61
0	3716.452079154415	59
0	3716.550690352536	60
0	3717.14592102014	56
0	3720.43881754975	56
0	3720.622102802969	57
0	3722.069786113279	52
0	3726.407290866615	61
0	3726.453505729276	53
0	3729.596721827484	62
0	3732.406135857926	61
0	3735.135125518725	70
0	3735.955417680617	60
0	3736.568808918927	60
0	3745.279410670165	62
0	3748.528614831462	61
0	3749.115069868918	71
0	3753.246041112101	69
0	3754.012730644337	63
0	3754.024411504756	59
0	3756.29440221343	61
0	3758.139444116545	72
0	3761.307243581442	76
0	3762.89367923871	52
0	3763.640669391277	63
0	3766.076356351213	76
0	3771.89641584651	73
0	3776.536710900918	53
0	3784.525954349931	65
0	3785.941120772081	60
0	3787.002171982593	61
0	3787.048575452045	61
0	3789.134703455764	62
0	3791.243546568326	62
0	3792.159166822534	62
0	3793.544773465054	57
0	3794.599936141784	65
0	3796.123338250449	64
0	3797.276984064845	66
0	3799.406533752268	71
0	3802.435943955192	62
0	3804.051676980665	43
0	3807.15762590793	61
0	3808.071370423229	66
0	3808.772662039971	70
0	3809.430713958105	62
0	3811.532508508956	54
0	3814.002137647822	60
0	3814.887261801837	70
0	3816.888384278941	58
0	3817.68348406119	71
0	3818.431658355824	65
0	3818.890276525606	63
0	3819.343850589017	72
0	3827.114959630908	67
0	3830.477050556513	62
0	3832.228751148042	63
0	3833.040588959397	56
0	3835.939601503904	63
0	3836.364358263594	64
0	3838.132285962038	62
0	3838.619440710341	54
0	3839.96506409757	71
0	3841.765578312143	57
0	3842.962801014646	77
0	3843.559037048456	78
0	3846.575420361391	68
0	3847.099423727638	73
0	3848.486950956552	63
0	3849.595500396391	57
0	3849.803518101306	67
0	3851.599307681789	73
0	3855.202510973385	55
0	3857.384511634253	55
0	3858.782377641136	64
0	3860.376053256468	65
0	3860.981086981462	58
0	3861.806815524653	63
0	3862.691312942389	72
0	3863.028019495884	64
0	3866.783517519817	44
0	3869.353736882268	58
0	3872.347010097171	63
0	3872.487984954487	65
0	3875.85995153541	64
0	3876.230657535688	56
0	3876.491167214639	45
0	3878.92023896776	74
0	3879.576281455655	65
0	3884.272384479992	77
0	3891.505953017856	64
0	3892.048077302826	59
0	3893.056635862775	68
0	3898.875176236093	69
0	3898.934581731353	56
0	3899.115185670493	57
0	3900.117172078603	65
0	3903.365265264886	74
0	3904.333285180963	69
0	3904.919959464657	75
0	3905.314779939827	66
0	3910.331895939883	65
0	3912.932340812481	73
0	3912.936600501383	72
0	3913.807130811598	75
0	3920.112161029355	70
0	3920.935554864782	71
0	3923.739102617114	58
0	3923.957521922347	66
0	3927.164483901479	76
0	3928.129266991939	57
0	3928.295271978065	57
0	3930.896018338779	74
0	3931.041762992746	64
0	3931.388876041697	66
0	3932.100925511571	63
0	3934.945756641855	66
0	3936.633957334603	58
0	3938.799385731786	76
0	3939.762441676142	67
0	3942.532209059139	66
0	3943.901351640211	62
0	3946.981605562258	66
0	3948.506707264005	59
0	3949.476893697764	78
0	3956.286159272206	60
0	3960.392981708087	67
0	3961.756418900163	64
0	3962.928313040933	67
0	3963.103319744335	68
0	3964.365388359598	75
0	3964.461820863375	67
0	3965.271410532787	59
0	3965.866951148648	61
0	3967.70398975889	68
0	3970.767806885157	67
0	3974.773348694492	79
0	3975.667589394168	70
0	3977.796309360451	68
0	3978.011386310238	68
0	3982.618321864055	73
0	3982.638296044481	69
0	3984.570219234388	74
0	3986.579844919672	75
0	3987.415740221652	70
0	3989.152496588858	80
0	3993.36587164959	64
0	3996.983626973573	58
0	3997.780954646761	81
0	3999.392965466163	74
0	3999.475250934446	53
0	4001.108142749159	68
0	4002.382943306096	72
0	4002.426915627476	79
0	4003.327399977445	62
0	4009.502897076772	82
0	4011.468090635464	77
0	4011.789172922825	54
0	4011.799236110962	63
0	4014.168586584442	63
0	4016.97959292622	59
0	4017.889961227938	71
0	4018.513827449508	72
0	4019.600157836855	46
0	4022.404359964539	64
0	4023.047335685053	76
0	4024.85996281661	73
0	4025.220086008222	65
0	4026.70839350684	69
0	4029.113617601567	71
0	4029.725525705553	70
0	4030.147227006209	77
0	4030.373100600432	66
0	4036.263437886615	75
0	4036.44012924421	60
0	4040.126327699036	69
0	4042.253772456498	58
0	4042.733264379511	67
0	4046.00199736262	78
0	4047.714389020941	68
0	4049.912959641543	66
0	4050.272420433814	64
0	4052.740072305801	71
0	4054.669605205991	79
0	4059.718556482849	67
0	4060.867489675078	61
0	4061.196838304933	69
0	4063.749388062588	76
0	4066.060556694655	60
0	4066.083969988856	78
0	4066.821685412923	59
0	4067.956586291033	80
0	4070.343415079239	76
0	4078.241806164624	55
0	4087.139321513025	79
0	4088.302233702931	81
0	4091.292989097671	59
0	4094.95449687627	56
0	4097.136727031774	47
0	4098.190998406131	77
0	4099.531068335525	83
0	4103.408271995328	48
0	4107.307532825382	82
0	4108.17612687278	62
0	4111.197525546264	73
0	4113.160296321313	69
0	4116.670896792632	70
0	4118.90136384164	69
0	4119.873422201072	70
0	4119.999214487003	72
0	4121.679427608966	67
0	4124.378201410575	78
0	4124.828868373388	60
0	4125.337009397015	80
0	4127.338027610304	61
0	4127.953101155477	68
0	4131.482459334473	60
0	4131.68001858346	69
0	4132.133424887003	65
0	4133.86057941337	60
0	4135.014829215151	71
0	4139.493396625917	63
0	4141.075877075152	61
0	4145.338614748436	81
0	4146.576698639012	77
0	4147.255252610669	57
0	4149.298912025903	65
0	4150.135277491403	73
0	4151.336441274128	74
0	4157.677757002065	61
0	4164.664331588059	77
0	4165.918687373225	62
0	4169.238748134073	75
0	4172.355682305363	64
0	4174.764431284182	74
0	4176.698909963263	62
0	4179.131904175377	78
0	4179.580858251754	72
0	4179.774530974186	66
0	4193.884447872466	83
0	4195.713223868276	59
0	4195.910346591981	71
0	4200.804487711824	72
0	4200.880403093955	65
0	4208.368807950114	65
0	4210.667069883708	80
0	4211.094896509051	79
0	4214.294724814804	79
0	4222.410665178312	63
0	4222.522212995061	72
0	4229.203695052298	70
0	4231.145131314004	68
0	4231.484524297429	73
0	4243.316547659351	74
0	4244.19007798694	63
0	4245.37145777741	82
0	4247.340237637458	61
0	4249.193039925937	73
0	4251.402992681926	71
0	4252.143670714491	80
0	4252.992802314605	67
0	4253.083427731377	84
0	4254.140896595549	73
0	4255.450255717632	62
0	4258.352514389147	78
0	4259.637885696548	70
0	4259.654036717349	61
0	4259.738458142402	62
0	4262.839124417347	69
0	4263.874708786528	60
0	4264.137883204262	63
0	4264.597925531304	66
0	4264.783588132917	76
0	4264.913397169601	83
0	4265.721274494697	66
0	4266.013640219621	74
0	4271.259015537498	58
0	4273.755370403886	79
0	4281.687952156643	71
0	4283.922049262167	64
0	4285.668300251254	62
0	4287.432900169158	75
0	4288.628991160131	61
0	4289.669405561281	49
0	4293.029647607763	84
0	4294.31463567305	72
0	4294.939103703323	75
0	4295.310658513932	67
0	4296.204571346465	65
0	4296.668102476027	65
0	4298.164752075876	81
0	4303.190035743404	72
0	4304.365928957101	63
0	4306.267510322384	68
0	4307.297496350457	70
0	4308.838836785045	66
0	4312.933495307757	50
0	4314.764545685891	64
0	4317.154639339743	77
0	4317.391388100908	82
0	4317.487797083808	51
0	4320.180210108977	64
0	4320.262357073531	64
0	4322.521142081691	75
0	4323.194620667627	76
0	4324.191757461867	76
0	4325.520995228237	74
0	4328.462799653931	62
0	4329.406225453845	85
0	4334.096899694462	86
0	4334.111362055459	65
0	4334.948084161059	74
0	4336.268447704482	75
0	4338.043999578291	76
0	4338.886870838776	73
0	4339.884125203714	81
0	4340.180251291082	66
0	4341.692839650736	70
0	4343.161173243338	65
0	4344.919117348467	63
0	4347.068068538533	75
0	4347.89266661357	87
0	4348.46030016327	67
0	4349.196291336311	77
0	4359.351627373241	76
0	4362.28981872022	85
0	4365.673757963081	66
0	4366.144292157869	59
0	4369.731960805635	68
0	4371.254334108579	65
0	4372.61842928534	67
0	4374.03296272949	66
0	4377.688180675773	77
0	4378.347228632713	64
0	4382.867425764599	77
0	4388.785881437059	68
0	4389.093502347474	63
0	4389.479215589325	69
0	4391.089862091856	78
0	4392.577972835659	78
0	4398.615728375366	68
0	4400.266832218436	74
0	4400.36824399406	78
0	4401.962154813132	76
0	4403.155625547851	79
0	4403.832303709198	66
0	4404.177397879749	67
0	4405.956194493455	79
0	4406.645861397283	64
0	4406.991142703213	71
0	4407.627587703792	71
0	4411.246734538001	69
0	4412.779647798494	67
0	4418.889888136366	52
0	4419.216132651447	78
0	4419.837242291887	84
0	4422.170579993997	68
0	4424.157592714559	80
0	4424.929219751675	70
0	4428.557787926088	65
0	4428.928420402241	79
0	4432.514332554682	77
0	4433.664445112005	88
0	4434.573856694369	80
0	4435.153540098268	68
0	4438.28230062983	78
0	4447.156550967844	89
0	4451.110184634481	90
0	4453.992378701501	66
0	4454.451385958474	53
0	4454.736931655477	67
0	4459.455086777512	66
0	4460.870365470938	67
0	4464.253961973282	72
0	4465.300540194044	68
0	4467.646366869821	79
0	4468.180811282874	80
0	4471.157635593047	72
0	4471.323558712806	85
0	4473.853644880484	65
0	4476.173375169932	86
0	4478.855760681605	81
0	4480.855806132576	81
0	4485.880649525555	86
0	4485.998890372497	80
0	4486.500987537296	87
0	4486.523064328211	70
0	4493.215804134993	54
0	4494.407311723114	91
0	4497.61192161819	79
0	4498.557761413635	80
0	4498.66854912696	69
0	4501.8029279844	83
0	4502.77905595699	82
0	4504.32635121139	66
0	4506.149598322368	80
0	4508.189172131499	60
0	4508.274642399439	67
0	4510.911977289906	68
0	4511.058712058677	61
0	4512.586509033053	69
0	4512.942350500393	88
0	4518.362532049371	71
0	4519.286820949229	73
0	4519.62021462431	68
0	4525.219446382734	81
0	4530.514690292688	67
0	4533.433863381285	72
0	4536.517967405494	82
0	4536.593982833644	69
0	4537.793482334279	73
0	4537.926887994889	69
0	4538.123488208456	69
0	4539.97094816678	73
0	4540.661586762727	83
0	4541.532924551712	67
0	4542.185578533771	80
0	4542.775467460092	82
0	4544.542626750294	74
0	4547.18849927029	70
0	4547.985400880751	83
0	4549.039046295351	74
0	4551.226862041797	70
0	4554.850398514215	73
0	4555.582574628089	71
0	4559.386985534439	81
0	4563.094311127597	77
0	4563.211448660313	75
0	4574.982258251159	78
0	4579.828796285542	68
0	4580.183488409354	75
0	4582.24591039617	87
0	4584.430332262208	82
0	4587.9268964771	71
0	4589.815690377548	76
0	4590.604024420784	75
0	4592.814797026105	81
0	4594.410302340442	72
0	4595.988605105016	70
0	4596.013723553771	69
0	4596.256726348622	62
0	4596.531331247751	84
0	4597.680687745482	81
0	4597.83173387899	84
0	4598.034304550921	88
0	4598.097411683255	77
0	4598.218498641754	74
0	4598.675175308207	89
0	4598.817937076568	70
0	4599.554998927869	82
0	4599.789455337315	90
0	4599.80973510766	89
0	4601.717115197191	70
0	4601.745965582728	91
0	4603.591439417302	55
0	4604.753910345605	92
0	4605.068803741313	74
0	4605.463275019709	75
0	4605.843682562469	56
0	4607.640250248366	83
0	4608.058383712914	83
0	4610.230149586922	93
0	4610.319219953568	81
0	4612.721831455101	82
0	4614.025477006023	85
0	4614.464168753444	72
0	4615.280794735304	57
0	4616.374166853045	71
0	4617.436390316972	83
0	4617.494286881635	73
0	4618.190041882746	76
0	4619.752830820947	74
0	4623.878948275354	68
0	4624.131761292643	75
0	4624.235279132354	72
0	4624.492826535719	76
0	4626.3697348305	84
0	4629.465922188069	84
0	4636.573755589639	85
0	4639.177094435352	69
0	4640.959492230906	71
0	4641.476857904321	73
0	4644.656767605118	74
0	4644.974877179066	85
0	4645.064530673624	77
0	4645.38325238634	86
0	4645.433884470632	82
0	4645.857829646313	84
0	4647.097614311263	75
0	4648.343945249937	63
0	4649.158044981326	85
0	4653.361826592038	69
0	4653.378081850538	86
0	4655.926471354267	79
0	4656.67838518882	85
0	4657.791309425281	70
0	4659.29633597426	92
0	4660.099914455278	58
0	4660.450632805879	87
0	4661.976027661354	71
0	4662.298007956714	73
0	4663.602189625211	83
0	4665.983566399905	84
0	4669.878351166996	76
0	4672.864169206274	86
0	4673.905626123034	64
0	4675.500614500056	72
0	4675.743401937117	76
0	4675.778126754346	87
0	4677.950082130003	85
0	4678.55162666701	65
0	4678.650430881618	84
0	4681.013063767792	94
0	4681.439973070715	78
0	4683.115583395361	80
0	4688.282232100353	85
0	4694.654590986908	74
0	4699.910991546799	81
0	4703.690425017676	71
0	4704.177690927675	79
0	4704.986854102983	82
0	4705.492627517607	90
0	4708.366107737548	69
0	4713.431337338243	86
0	4715.9168325711	66
0	4716.926965144272	83
0	4720.188508305528	93
0	4720.663800111239	95
0	4723.717467618561	86
0	4724.906615551471	87
0	4726.38303860157	67
0	4726.939949675687	87
0	4729.968629211651	88
0	4730.618433887096	70
0	4735.187253477917	91
0	4735.901991087627	94
0	4741.555476577032	87
0	4741.806012223381	72
0	4742.159110258324	84
0	4742.236288767538	75
0	4742.462287001443	71
0	4745.940060730125	86
0	4746.260809373258	76
0	4746.752503651869	73
0	4747.059468075237	59
0	4747.421140551873	75
0	4751.079738326389	87
0	4752.81522132307	88
0	4754.063521537905	88
0	4754.767311580131	70
0	4755.593097228273	92
0	4756.088454016437	96
0	4756.80557302508	76
0	4760.341384513959	80
0	4761.737678874189	77
0	4766.801774398144	83
0	4767.804668195598	78
0	4767.940037042253	73
0	4768.673518214828	71
0	4773.987934046822	74
0	4776.982005370465	89
0	4781.80330388667	86
0	4782.962338018278	68
0	4783.070048100834	97
0	4784.335388321582	89
0	4784.612657912288	72
0	4785.287412094325	90
0	4787.467508127433	81
0	4788.660287286409	79
0	4790.088496976374	93
0	4792.692254458455	89
0	4796.256423882861	76
0	4797.210037425083	77
0	4797.983678869503	73
0	4799.567427002549	78
0	4799.936964759914	72
0	4801.86725037995	95
0	4804.581423778226	77
0	4806.462155783623	72
0	4810.067094441705	98
0	4811.054261565678	82
0	4811.292886213262	88
0	4811.710378922287	87
0	4814.785891366146	75
0	4817.206295750104	69
0	4817.561729685181	76
0	4819.545024031545	82
0	4823.242288897618	85
0	4824.660927614181	90
0	4827.249169175055	73
0	4832.774849653978	88
0	4832.994142500711	84
0	4838.662082158834	89
0	4844.671856589279	86
0	4847.106910372367	90
0	4851.871818334758	90
0	4852.597530996339	71
0	4853.197478233964	77
0	4853.387670205905	85
0	4858.350583183439	70
0	4858.700819395818	72
0	4859.496721870265	77
0	4861.719929177338	83
0	4864.070918562122	84
0	4865.191386099693	70
0	4868.096670535136	60
0	4869.171298913861	91
0	4870.411702621973	78
0	4874.218607214583	73
0	4875.778294602813	91
0	4876.196099949255	74
0	4876.920475919904	71
0	4877.601581494964	87
0	4883.236846835431	96
0	4883.5949651516	91
0	4883.71988771408	92
0	4883.862825249106	99
0	4885.766547842407	75
0	4891.421919294214	79
0	4892.503994611386	92
0	4893.235190822091	79
0	4895.686175061819	72
0	4895.954355959276	80
0	4897.545492562038	76
0	4898.710377210512	85
0	4901.140537865019	92
0	4906.682488109656	77
0	4912.399870917482	71
0	4913.053590163448	97
0	4918.702246310936	73
0	4919.66691688383	88
0	4923.194784588334	78
0	4928.574857421051	88
0	4928.775063818678	78
0	4928.872355281469	80
0	4931.229347105245	78
0	4933.722144021687	93
0	4939.046994807316	81
0	4939.44033610491	74
0	4939.960713809722	94
0	4940.26421694681	75
0	4940.448809926636	83
0	4942.319488698384	82
0	4944.951446999462	74
0	4947.335995765775	88
0	4947.892635496631	83
0	4949.234068556465	81
0	4950.364503926953	91
0	4951.402145602245	72
0	4951.625878048873	74
0	4953.021900317324	89
0	4955.94964903255	89
0	4956.869340475473	82
0	4957.24078809348	86
0	4957.693604976798	77
0	4959.062637520505	86
0	4959.433115212646	61
0	4960.462554525835	73
0	4961.140048245441	80
0	4965.227034833319	83
0	4965.71389033868	98
0	4966.594712957557	78
0	4970.342050176155	89
0	4972.229583923399	75
0	4972.267032730588	89
0	4972.618010185267	94
0	4976.346909014112	84
0	4981.816517912229	76
0	4994.777343132575	74
0	4994.883722240569	93
0	4996.274729505578	90
0	4997.387398446668	90
0	4998.785916236853	79
0	4998.909965039334	93
0	4999.51498777621	62
0	5001.348114510491	77
0	5003.001357847504	85
0	5003.349580372772	77
0	5004.703375122944	94
0	5009.868127586939	84
0	5010.777369802131	91
0	5011.041544890281	85
0	5011.593234208889	90
0	5013.549747481084	91
0	5014.198852925267	99
0	5015.144219364505	95
0	5016.281190853648	86
0	5016.735596715661	95
0	5023.200913237932	75
0	5023.333913451692	76
0	5023.438345096232	78
0	5023.823822069336	92
0	5026.365339771612	87
0	5032.050920197355	96
0	5036.956072431373	79
0	5041.81458495631	96
0	5045.920555864114	97
0	5055.797941630465	98
0	5059.806887799551	90
0	5061.385534626887	92
0	5066.965295298066	63
0	5071.21804442069	93
0	5071.962856828382	91
0	5074.443042267224	92
0	5074.732314219775	77
0	5082.291830741314	88
0	5082.554174794791	97
0	5084.429306121114	87
0	5085.241562389959	78
0	5090.579910224905	79
0	5092.846287411393	73
0	5102.62611521847	81
0	5108.332626877474	79
0	5111.091953484923	93
0	5112.290284705195	80
0	5112.767118521943	78
0	5114.610834763603	74
0	5116.836547890079	95
0	5117.438328348759	64
0	5124.429410990486	80
0	5125.911559506696	65
0	5126.366554749432	89
0	5126.567634385845	98
0	5127.372890403784	79
0	5132.289696441531	75
0	5134.952971104313	99
0	5135.776800804328	94
0	5136.159504389129	92
0	5137.497800937149	66
0	5139.90358504426	67
0	5140.856953454346	90
0	5146.918734143731	74
0	5147.216957038593	75
0	5149.304597605887	81
0	5150.652448603485	80
0	5150.677867107059	81
0	5157.330689468917	82
0	5157.672177791065	84
0	5158.95554898339	80
0	5162.927454469441	96
0	5164.777365552984	79
0	5164.858448206833	95
0	5169.694859220419	81
0	5173.975255837215	91
0	5174.178516769095	75
0	5174.373366916657	93
0	5180.22151206095	94
0	5180.562034066912	93
0	5181.002853654636	82
0	5187.123865863825	94
0	5190.342564185714	76
0	5194.701182474798	77
0	5195.216832344933	95
0	5197.734091928842	94
0	5198.558307848275	94
0	5201.612464175455	83
0	5210.103227812972	76
0	5216.198891054357	86
0	5217.408852532558	92
0	5217.606487127246	95
0	5219.155702880727	96
0	5219.25805859651	85
0	5221.618451956517	83
0	5226.332448291068	87
0	5227.481659943106	76
0	5229.909659387461	84
0	5230.715220684977	95
0	5233.664029804352	88
0	5236.54153987182	96
0	5239.87979030299	97
0	5240.799479919908	68
0	5241.201613160455	84
0	5241.2650688019	97
0	5241.92212041919	81
0	5243.554980699575	96
0	5244.297328663643	87
0	5246.227213235355	98
0	5247.931151416255	89
0	5248.689199185772	93
0	5249.774256692247	82
0	5253.044657625112	88
0	5253.351324249125	98
0	5253.750944971167	89
0	5254.891685231752	76
0	5260.585980356796	77
0	5261.886929913281	96
0	5261.972603809976	97
0	5263.673711027883	94
0	5265.328463032973	95
0	5266.769901613351	91
0	5274.950450258626	82
0	5281.233416477189	99
0	5281.457787339375	85
0	5285.090050141935	86
0	5290.2608836213	95
0	5293.612941619145	87
0	5303.339366374637	96
0	5304.83032163241	69
0	5310.556438274102	83
0	5322.774426131825	99
0	5327.996374930137	98
0	5329.209076928783	90
0	5331.007299027236	85
0	5332.663169889791	91
0	5333.804367316337	99
0	5347.703062123368	96
0	5347.737914373181	78
0	5351.739553060381	99
0	5357.170875204369	97
0	5364.738589322437	97
0	5367.347081671677	77
0	5368.146705722395	83
0	5369.294932851188	82
0	5369.447414573001	86
0	5392.379901474276	97
0	5392.707554903259	90
0	5393.668178522545	80
0	5395.43301759339	78
0	5398.627813678628	98
0	5399.612282645768	97
0	5402.798103220743	99
0	5404.075137619663	80
0	5407.106582138046	78
0	5408.076027984267	81
0	5411.22528340373	91
0	5411.440769578482	88
0	5417.909246814285	88
0	5419.219979760124	78
0	5424.367353303649	89
0	5426.779602363723	98
0	5432.53414526802	92
0	5438.620138695241	82
0	5439.000747551081	87
0	5442.037500240845	79
0	5448.795057441991	70
0	5450.326029742645	83
0	5452.206527772264	88
0	5456.542047205014	79
0	5457.789261967832	80
0	5463.687478306969	83
0	5466.150665625816	71
0	5468.518014902213	86
0	5469.246977499696	89
0	5470.341693526616	87
0	5473.12018218027	93
0	5474.481018917432	79
0	5475.224616690029	84
0	5475.505322727704	79
0	5484.922320829451	92
0	5485.867026627341	81
0	5485.889599659705	77
0	5487.836938104783	90
0	5488.063741694384	98
0	5490.625964321719	80
0	5495.877947253235	80
0	5498.052005713529	92
0	5498.33752377828	78
0	5498.711515740538	89
0	5501.739523515363	84
0	5501.895029231317	91
0	5505.966018782725	81
0	5508.940570356073	79
0	5509.770095723073	82
0	5512.844591080846	99
0	5516.427018801915	83
0	5523.673900988504	84
0	5524.660006923416	85
0	5525.800533198482	94
0	5529.090878821947	95
0	5548.676690355785	80
0	5550.346446980998	72
0	5550.353599735666	90
0	5551.160310062636	84
0	5551.246875830397	85
0	5555.14440908316	91
0	5560.53885043988	90
0	5562.376183956525	92
0	5562.917092974318	92
0	5563.461525428077	98
0	5564.474379982804	86
0	5565.446596808496	81
0	5570.213365391219	81
0	5570.610048482728	82
0	5572.930996682061	93
0	5575.636885912234	81
0	5576.230223234308	85
0	5579.161362794545	96
0	5581.308008020223	93
0	5587.039296290745	93
0	5589.553439560828	87
0	5602.207496304	91
0	5606.395700166571	85
0	5608.148914366686	86
0	5609.465895123817	88
0	5612.807927566315	82
0	5619.015938010443	82
0	5623.670068371113	86
0	5627.619435731402	88
0	5628.987594677483	99
0	5630.376885373584	97
0	5634.122958597028	84
0	5635.21194286384	83
0	5638.913211517293	83
0	5650.941838135359	82
0	5652.586000498724	93
0	5655.325225263536	86
0	5657.668882161226	79
0	5658.307454931368	92
0	5669.400261021395	84
0	5670.434756102787	94
0	5670.523673947915	94
0	5673.085912390807	85
0	5677.750349451624	83
0	5679.967309566439	87
0	5680.159872899122	87
0	5687.482372886654	98
0	5688.528159882403	83
0	5690.306535160613	99
0	5697.003027588158	99
0	5699.994451491715	88
0	5710.833845653126	95
0	5712.754861560952	87
0	5715.74822119592	96
0	5715.875446699315	88
0	5716.724595044046	80
0	5724.215984261461	93
0	5726.696955742982	89
0	5727.49136597605	80
0	5735.187873326041	81
0	5735.899132501922	89
0	5736.345535385805	89
0	5738.325904573018	82
0	5738.772992749145	95
0	5739.271223659501	84
0	5741.419317432706	85
0	5741.459575370973	90
0	5742.791916062746	89
0	5745.647425418777	94
0	5747.752802457946	85
0	5751.334538288907	86
0	5752.658350251117	83
0	5756.161427863672	91
0	5756.616736216447	87
0	5757.423324075203	81
0	5757.492611393037	84
0	5758.337639196191	92
0	5759.381281155733	94
0	5760.693476343186	95
0	5761.496729188942	86
0	5768.371088904864	88
0	5770.160430409739	97
0	5770.321226369932	96
0	5775.000314768449	88
0	5778.183093192756	90
0	5781.263974339917	85
0	5781.421279854933	89
0	5785.218456123298	91
0	5798.36315829632	84
0	5808.023756441092	95
0	5809.868981094405	98
0	5811.186737655722	90
0	5813.025938861203	97
0	5817.846605977025	73
0	5821.228553484107	90
0	5824.524528744494	90
0	5828.282946792915	99
0	5829.004226200192	91
0	5830.371712281844	82
0	5830.776848661236	92
0	5833.096403075841	91
0	5835.618867847428	91
0	5850.865335619003	83
0	5853.948216480838	92
0	5854.123100011091	89
0	5861.65343534424	92
0	5866.977277916901	98
0	5877.893441606381	87
0	5881.678974659102	84
0	5888.335914270502	93
0	5888.340645335347	92
0	5894.537017696653	94
0	5896.845534028457	86
0	5915.283119653355	85
0	5917.369155842543	87
0	5917.490675290319	88
0	5920.122960129763	74
0	5920.612446667555	89
0	5921.976179415645	93
0	5930.855350735392	99
0	5949.150353833216	94
0	5953.865185510596	86
0	5956.211809487223	90
0	5958.0615806023	95
0	5961.545181300281	93
0	5964.56948228397	93
0	5964.720081841066	88
0	5965.857754987767	75
0	5973.24074274223	96
0	5976.411086875674	85
0	5982.090459550844	86
0	5982.853961502918	97
0	5994.483824208801	93
0	5996.458209737054	76
0	5999.913825521558	94
0	6000.118113030977	77
0	6001.833583031921	96
0	6005.261884637698	89
0	6006.441642149708	84
0	6010.376531819844	96
0	6016.880868352057	91
0	6019.156685376832	94
0	6022.262917442221	95
0	6025.294608838771	90
0	6027.901363815876	97
0	6028.182666888367	95
0	6029.295528031166	85
0	6029.353036327507	96
0	6031.710783310189	86
0	6032.528849850927	87
0	6044.100453764556	88
0	6049.880221653401	98
0	6056.283643283915	89
0	6060.005244440871	98
0	6064.585042815693	86
0	6067.061817169058	94
0	6067.936401630708	97
0	6068.716418920659	95
0	6068.781296858845	87
0	6070.61116778823	90
0	6070.928119730766	91
0	6079.725492730933	87
0	6081.631834838605	78
0	6083.537479436593	92
0	6084.541333345028	96
0	6085.217154647135	88
0	6085.297017911577	98
0	6085.94031282928	88
0	6089.150871492111	99
0	6093.405620323358	93
0	6093.632369806443	97
0	6094.528177855935	92
0	6096.226454803638	93
0	6096.616528840162	89
0	6097.102739904169	94
0	6097.16844948347	97
0	6097.68173930034	99
0	6100.911290226722	90
0	6102.10977897103	98
0	6106.737597084349	91
0	6107.39393126996	96
0	6115.029031225671	94
0	6115.264434909999	92
0	6118.517814844152	95
0	6121.97212655158	91
0	6130.255849721554	93
0	6131.640102853064	94
0	6133.730217609854	90
0	6135.422784830262	89
0	6135.954534464828	99
0	6138.173259032406	97
0	6141.999272594604	90
0	6144.299110754048	94
0	6153.621781141994	79
0	6153.650718987903	96
0	6157.919637683776	98
0	6167.6890970559	98
0	6168.624014967392	97
0	6173.696064109104	99
0	6185.862499524533	95
0	6190.605423082306	99
0	6194.220189920851	95
0	6217.063771881216	95
0	6219.084673255776	98
0	6220.486013987209	96
0	6221.150683413936	97
0	6222.480163628772	99
0	6222.739758322698	80
0	6229.597001591183	95
0	6254.057598327648	96
0	6259.925145806147	96
0	6263.822269925717	97
0	6281.938489419684	81
0	6291.52214844983	91
0	6291.793630545758	87
0	6296.453774225103	82
0	6302.551540992836	99
0	6303.891762870205	92
0	6305.143088957376	98
0	6311.142995029529	97
0	6317.213763743788	93
0	6344.365889469981	92
0	6354.290705328539	88
0	6356.918519742411	89
0	6390.764562762773	98
0	6394.599856410193	93
0	6397.342991922404	99
0	6401.04786701394	94
0	6407.963672215166	99
0	6417.894133091448	90
0	6429.082159537563	91
0	6432.128006297399	83
0	6442.362789683811	94
0	6450.412284062528	84
0	6461.011121441088	85
0	6466.24225401693	92
0	6485.929821553015	93
0	6489.200957849915	94
0	6494.593147139595	86
0	6512.642870331536	96
0	6520.193174537172	95
0	6520.259109796427	95
0	6522.553243137486	96
0	6551.14839226781	87
0	6568.765503864226	95
0	6569.808049396252	98
0	6571.065105123072	99
0	6571.403063163809	96
0	6573.721501323082	97
0	6587.669538584488	97
0	6589.752160824523	97
0	6600.898071576386	98
0	6604.662727748284	98
0	6607.56808553786	91
0	6613.77058693917	98
0	6616.614551949618	99
0	6617.072186405843	88
0	6617.333355956735	99
0	6639.946502248247	89
0	6640.512368498529	99
0	6699.953602648062	90
0	6703.584514564272	96
0	6739.487639136776	92
0	6766.175425431883	93
0	6771.856106503892	97
0	6786.402608417685	91
0	6791.147394125125	92
0	6801.343617710885	93
0	6838.311601376971	94
0	6865.661496383292	98
0	6869.50781802668	99
0	6878.835021067426	95
0	6884.991856369212	96
0	6919.402419766628	97
0	6950.875332289506	94
0	6970.521012428951	98
0	7059.450068130882	99
0	7110.334645014063	95
0	7170.742301307128	96
